#Layer_Color=6321
#
#Feature symbol names
#
$0 r5

#
#Feature attribute names
#

#
#Layer features
#
L 1.377 3.876456 1.433 3.876456 0 P 0
L 1.377 3.97717 1.433 3.97717 0 P 0
L 1.377 4.077886 1.433 4.077886 0 P 0
L 1.377 4.1786 1.433 4.1786 0 P 0
L 1.377 4.279292 1.433 4.279292 0 P 0
L 1.377 4.38 1.433 4.38 0 P 0
L 1.377 4.480708 1.433 4.480708 0 P 0
L 1.377 4.581418 1.433 4.581418 0 P 0
L 1.377 5.06504 1.433 5.06504 0 P 0
L 1.377 5.165754 1.433 5.165754 0 P 0
L 1.377 5.266468 1.433 5.266468 0 P 0
L 1.377 5.367182 1.433 5.367182 0 P 0
L 1.377 5.467874 1.433 5.467874 0 P 0
L 1.377 5.568582 1.433 5.568582 0 P 0
L 1.377 5.669292 1.433 5.669292 0 P 0
L 1.377 5.77 1.433 5.77 0 P 0
L 1.405 3.848456 1.405 3.904456 0 P 0
L 1.405 3.94917 1.405 4.00517 0 P 0
L 1.405 4.049886 1.405 4.105886 0 P 0
L 1.405 4.1506 1.405 4.2066 0 P 0
L 1.405 4.251292 1.405 4.307292 0 P 0
L 1.405 4.352 1.405 4.408 0 P 0
L 1.405 4.452708 1.405 4.508708 0 P 0
L 1.405 4.553418 1.405 4.609418 0 P 0
L 1.405 5.03704 1.405 5.09304 0 P 0
L 1.405 5.137754 1.405 5.193754 0 P 0
L 1.405 5.238468 1.405 5.294468 0 P 0
L 1.405 5.339182 1.405 5.395182 0 P 0
L 1.405 5.439874 1.405 5.495874 0 P 0
L 1.405 5.540582 1.405 5.596582 0 P 0
L 1.405 5.641292 1.405 5.697292 0 P 0
L 1.405 5.742 1.405 5.798 0 P 0
L 1.5554725 3.37 1.6145275 3.37 0 P 0
L 1.585 3.3404725 1.585 3.3995275 0 P 0
L 1.7554725 3.37 1.8145275 3.37 0 P 0
L 1.785 3.3404725 1.785 3.3995275 0 P 0
L 1.9404725 2.505 1.9995275 2.505 0 P 0
L 1.97 2.4754725 1.97 2.5345275 0 P 0
L 2.1404725 2.505 2.1995275 2.505 0 P 0
L 2.17 2.4754725 2.17 2.5345275 0 P 0
L 2.1804725 3.36 2.2395275 3.36 0 P 0
L 2.21 3.3304725 2.21 3.3895275 0 P 0
L 2.3804725 3.36 2.4395275 3.36 0 P 0
L 2.41 3.3304725 2.41 3.3895275 0 P 0
L 2.816 5.915 2.844 5.915 0 P 0
L 2.83 5.901 2.83 5.929 0 P 0
L 2.8661024 2.745 2.9038976 2.745 0 P 0
L 2.8661024 2.845 2.9038976 2.845 0 P 0
L 2.8661024 2.945 2.9038976 2.945 0 P 0
L 2.8661024 3.045 2.9038976 3.045 0 P 0
L 2.8661024 3.145 2.9038976 3.145 0 P 0
L 2.8661024 3.245 2.9038976 3.245 0 P 0
L 2.8661024 3.345 2.9038976 3.345 0 P 0
L 2.8661024 3.445 2.9038976 3.445 0 P 0
L 2.8661024 3.545 2.9038976 3.545 0 P 0
L 2.8661024 3.645 2.9038976 3.645 0 P 0
L 2.8661024 3.805 2.9038976 3.805 0 P 0
L 2.8661024 3.905 2.9038976 3.905 0 P 0
L 2.8661024 4.005 2.9038976 4.005 0 P 0
L 2.8661024 4.105 2.9038976 4.105 0 P 0
L 2.8661024 4.205 2.9038976 4.205 0 P 0
L 2.8661024 4.305 2.9038976 4.305 0 P 0
L 2.8661024 4.405 2.9038976 4.405 0 P 0
L 2.8661024 4.505 2.9038976 4.505 0 P 0
L 2.8661024 4.705 2.9038976 4.705 0 P 0
L 2.8661024 4.805 2.9038976 4.805 0 P 0
L 2.8661024 4.905 2.9038976 4.905 0 P 0
L 2.8661024 5.005 2.9038976 5.005 0 P 0
L 2.8661024 5.105 2.9038976 5.105 0 P 0
L 2.8661024 5.205 2.9038976 5.205 0 P 0
L 2.8661024 5.305 2.9038976 5.305 0 P 0
L 2.8661024 5.405 2.9038976 5.405 0 P 0
L 2.8661024 5.705 2.9038976 5.705 0 P 0
L 2.8661024 5.805 2.9038976 5.805 0 P 0
L 2.885 2.7261024 2.885 2.7638976 0 P 0
L 2.885 2.8261024 2.885 2.8638976 0 P 0
L 2.885 2.9261024 2.885 2.9638976 0 P 0
L 2.885 3.0261024 2.885 3.0638976 0 P 0
L 2.885 3.1261024 2.885 3.1638976 0 P 0
L 2.885 3.2261024 2.885 3.2638976 0 P 0
L 2.885 3.3261024 2.885 3.3638976 0 P 0
L 2.885 3.4261024 2.885 3.4638976 0 P 0
L 2.885 3.5261024 2.885 3.5638976 0 P 0
L 2.885 3.6261024 2.885 3.6638976 0 P 0
L 2.885 3.7861024 2.885 3.8238976 0 P 0
L 2.885 3.8861024 2.885 3.9238976 0 P 0
L 2.885 3.9861024 2.885 4.0238976 0 P 0
L 2.885 4.0861024 2.885 4.1238976 0 P 0
L 2.885 4.1861024 2.885 4.2238976 0 P 0
L 2.885 4.2861024 2.885 4.3238976 0 P 0
L 2.885 4.3861024 2.885 4.4238976 0 P 0
L 2.885 4.4861024 2.885 4.5238976 0 P 0
L 2.885 4.6861024 2.885 4.7238976 0 P 0
L 2.885 4.7861024 2.885 4.8238976 0 P 0
L 2.885 4.8861024 2.885 4.9238976 0 P 0
L 2.885 4.9861024 2.885 5.0238976 0 P 0
L 2.885 5.0861024 2.885 5.1238976 0 P 0
L 2.885 5.1861024 2.885 5.2238976 0 P 0
L 2.885 5.2861024 2.885 5.3238976 0 P 0
L 2.885 5.3861024 2.885 5.4238976 0 P 0
L 2.885 5.6861024 2.885 5.7238976 0 P 0
L 2.885 5.7861024 2.885 5.8238976 0 P 0
L 2.9661024 5.705 3.0038976 5.705 0 P 0
L 2.9661024 5.805 3.0038976 5.805 0 P 0
L 2.985 5.6861024 2.985 5.7238976 0 P 0
L 2.985 5.7861024 2.985 5.8238976 0 P 0
L 3.0661024 5.705 3.1038976 5.705 0 P 0
L 3.0661024 5.805 3.1038976 5.805 0 P 0
L 3.085 5.6861024 3.085 5.7238976 0 P 0
L 3.085 5.7861024 3.085 5.8238976 0 P 0
L 3.1661024 5.705 3.2038976 5.705 0 P 0
L 3.1661024 5.805 3.2038976 5.805 0 P 0
L 3.185 5.6861024 3.185 5.7238976 0 P 0
L 3.185 5.7861024 3.185 5.8238976 0 P 0
L 3.2661024 5.705 3.3038976 5.705 0 P 0
L 3.2661024 5.805 3.3038976 5.805 0 P 0
L 3.285 5.6861024 3.285 5.7238976 0 P 0
L 3.285 5.7861024 3.285 5.8238976 0 P 0
L 3.316 6.05 3.344 6.05 0 P 0
L 3.33 6.036 3.33 6.064 0 P 0
L 3.3661024 5.705 3.4038976 5.705 0 P 0
L 3.3661024 5.805 3.4038976 5.805 0 P 0
L 3.385 5.6861024 3.385 5.7238976 0 P 0
L 3.385 5.7861024 3.385 5.8238976 0 P 0
L 3.4661024 5.705 3.5038976 5.705 0 P 0
L 3.4661024 5.805 3.5038976 5.805 0 P 0
L 3.485 5.6861024 3.485 5.7238976 0 P 0
L 3.485 5.7861024 3.485 5.8238976 0 P 0
L 3.5661024 5.705 3.6038976 5.705 0 P 0
L 3.5661024 5.805 3.6038976 5.805 0 P 0
L 3.585 5.6861024 3.585 5.7238976 0 P 0
L 3.585 5.7861024 3.585 5.8238976 0 P 0
L 3.6661024 5.705 3.7038976 5.705 0 P 0
L 3.6661024 5.805 3.7038976 5.805 0 P 0
L 3.685 5.6861024 3.685 5.7238976 0 P 0
L 3.685 5.7861024 3.685 5.8238976 0 P 0
L 3.7661024 5.705 3.8038976 5.705 0 P 0
L 3.7661024 5.805 3.8038976 5.805 0 P 0
L 3.785 5.6861024 3.785 5.7238976 0 P 0
L 3.785 5.7861024 3.785 5.8238976 0 P 0
L 3.8661024 5.705 3.9038976 5.705 0 P 0
L 3.8661024 5.805 3.9038976 5.805 0 P 0
L 3.885 5.6861024 3.885 5.7238976 0 P 0
L 3.885 5.7861024 3.885 5.8238976 0 P 0
L 3.9661024 5.705 4.0038976 5.705 0 P 0
L 3.9661024 5.805 4.0038976 5.805 0 P 0
L 3.985 5.6861024 3.985 5.7238976 0 P 0
L 3.985 5.7861024 3.985 5.8238976 0 P 0
L 4.0661024 5.705 4.1038976 5.705 0 P 0
L 4.0661024 5.805 4.1038976 5.805 0 P 0
L 4.085 5.6861024 4.085 5.7238976 0 P 0
L 4.085 5.7861024 4.085 5.8238976 0 P 0
L 4.1661024 5.705 4.2038976 5.705 0 P 0
L 4.1661024 5.805 4.2038976 5.805 0 P 0
L 4.185 5.6861024 4.185 5.7238976 0 P 0
L 4.185 5.7861024 4.185 5.8238976 0 P 0
L 4.2661024 5.705 4.3038976 5.705 0 P 0
L 4.2661024 5.805 4.3038976 5.805 0 P 0
L 4.285 5.6861024 4.285 5.7238976 0 P 0
L 4.285 5.7861024 4.285 5.8238976 0 P 0
L 4.3661024 5.705 4.4038976 5.705 0 P 0
L 4.3661024 5.805 4.4038976 5.805 0 P 0
L 4.385 5.6861024 4.385 5.7238976 0 P 0
L 4.385 5.7861024 4.385 5.8238976 0 P 0
L 4.4661024 5.705 4.5038976 5.705 0 P 0
L 4.4661024 5.805 4.5038976 5.805 0 P 0
L 4.485 5.6861024 4.485 5.7238976 0 P 0
L 4.485 5.7861024 4.485 5.8238976 0 P 0
L 4.5661024 5.705 4.6038976 5.705 0 P 0
L 4.5661024 5.805 4.6038976 5.805 0 P 0
L 4.585 5.6861024 4.585 5.7238976 0 P 0
L 4.585 5.7861024 4.585 5.8238976 0 P 0
L 4.7661024 3.105 4.8038976 3.105 0 P 0
L 4.7661024 3.205 4.8038976 3.205 0 P 0
L 4.7661024 3.305 4.8038976 3.305 0 P 0
L 4.7661024 3.405 4.8038976 3.405 0 P 0
L 4.7661024 3.505 4.8038976 3.505 0 P 0
L 4.7661024 3.605 4.8038976 3.605 0 P 0
L 4.7661024 3.705 4.8038976 3.705 0 P 0
L 4.7661024 3.805 4.8038976 3.805 0 P 0
L 4.7661024 4.005 4.8038976 4.005 0 P 0
L 4.7661024 4.105 4.8038976 4.105 0 P 0
L 4.7661024 4.205 4.8038976 4.205 0 P 0
L 4.7661024 4.305 4.8038976 4.305 0 P 0
L 4.7661024 4.405 4.8038976 4.405 0 P 0
L 4.7661024 4.505 4.8038976 4.505 0 P 0
L 4.7661024 4.605 4.8038976 4.605 0 P 0
L 4.7661024 4.705 4.8038976 4.705 0 P 0
L 4.7661024 4.905 4.8038976 4.905 0 P 0
L 4.7661024 5.005 4.8038976 5.005 0 P 0
L 4.7661024 5.105 4.8038976 5.105 0 P 0
L 4.7661024 5.205 4.8038976 5.205 0 P 0
L 4.7661024 5.305 4.8038976 5.305 0 P 0
L 4.7661024 5.405 4.8038976 5.405 0 P 0
L 4.7661024 5.505 4.8038976 5.505 0 P 0
L 4.7661024 5.605 4.8038976 5.605 0 P 0
L 4.785 3.0861024 4.785 3.1238976 0 P 0
L 4.785 3.1861024 4.785 3.2238976 0 P 0
L 4.785 3.2861024 4.785 3.3238976 0 P 0
L 4.785 3.3861024 4.785 3.4238976 0 P 0
L 4.785 3.4861024 4.785 3.5238976 0 P 0
L 4.785 3.5861024 4.785 3.6238976 0 P 0
L 4.785 3.6861024 4.785 3.7238976 0 P 0
L 4.785 3.7861024 4.785 3.8238976 0 P 0
L 4.785 3.9861024 4.785 4.0238976 0 P 0
L 4.785 4.0861024 4.785 4.1238976 0 P 0
L 4.785 4.1861024 4.785 4.2238976 0 P 0
L 4.785 4.2861024 4.785 4.3238976 0 P 0
L 4.785 4.3861024 4.785 4.4238976 0 P 0
L 4.785 4.4861024 4.785 4.5238976 0 P 0
L 4.785 4.5861024 4.785 4.6238976 0 P 0
L 4.785 4.6861024 4.785 4.7238976 0 P 0
L 4.785 4.8861024 4.785 4.9238976 0 P 0
L 4.785 4.9861024 4.785 5.0238976 0 P 0
L 4.785 5.0861024 4.785 5.1238976 0 P 0
L 4.785 5.1861024 4.785 5.2238976 0 P 0
L 4.785 5.2861024 4.785 5.3238976 0 P 0
L 4.785 5.3861024 4.785 5.4238976 0 P 0
L 4.785 5.4861024 4.785 5.5238976 0 P 0
L 4.785 5.5861024 4.785 5.6238976 0 P 0
L 5.252 3.95 5.28 3.95 0 P 0
L 5.266 3.936 5.266 3.964 0 P 0
L 5.421378 2.4395 5.468622 2.4395 0 P 0
L 5.421378 2.538 5.468622 2.538 0 P 0
L 5.421378 2.6365 5.468622 2.6365 0 P 0
L 5.421378 2.735 5.468622 2.735 0 P 0
L 5.445 2.415878 5.445 2.463122 0 P 0
L 5.445 2.514378 5.445 2.561622 0 P 0
L 5.445 2.612878 5.445 2.660122 0 P 0
L 5.445 2.711378 5.445 2.758622 0 P 0
L 5.456378 3.1545 5.503622 3.1545 0 P 0
L 5.456378 3.253 5.503622 3.253 0 P 0
L 5.456378 3.3515 5.503622 3.3515 0 P 0
L 5.456378 3.45 5.503622 3.45 0 P 0
L 5.48 3.130878 5.48 3.178122 0 P 0
L 5.48 3.229378 5.48 3.276622 0 P 0
L 5.48 3.327878 5.48 3.375122 0 P 0
L 5.48 3.426378 5.48 3.473622 0 P 0
L 5.481378 3.7645 5.528622 3.7645 0 P 0
L 5.481378 3.863 5.528622 3.863 0 P 0
L 5.481378 3.9615 5.528622 3.9615 0 P 0
L 5.481378 4.06 5.528622 4.06 0 P 0
L 5.505 3.740878 5.505 3.788122 0 P 0
L 5.505 3.839378 5.505 3.886622 0 P 0
L 5.505 3.937878 5.505 3.985122 0 P 0
L 5.505 4.036378 5.505 4.083622 0 P 0
L 5.505315 4.4 5.544685 4.4 0 P 0
L 5.505315 4.5 5.544685 4.5 0 P 0
L 5.505315 4.6 5.544685 4.6 0 P 0
L 5.505315 5.08 5.544685 5.08 0 P 0
L 5.505315 5.18 5.544685 5.18 0 P 0
L 5.505315 5.28 5.544685 5.28 0 P 0
L 5.505315 5.735 5.544685 5.735 0 P 0
L 5.505315 5.835 5.544685 5.835 0 P 0
L 5.505315 5.935 5.544685 5.935 0 P 0
L 5.525 4.380315 5.525 4.419685 0 P 0
L 5.525 4.480315 5.525 4.519685 0 P 0
L 5.525 4.580315 5.525 4.619685 0 P 0
L 5.525 5.060315 5.525 5.099685 0 P 0
L 5.525 5.160315 5.525 5.199685 0 P 0
L 5.525 5.260315 5.525 5.299685 0 P 0
L 5.525 5.715315 5.525 5.754685 0 P 0
L 5.525 5.815315 5.525 5.854685 0 P 0
L 5.525 5.915315 5.525 5.954685 0 P 0
L 5.540315 1.79 5.579685 1.79 0 P 0
L 5.540315 1.89 5.579685 1.89 0 P 0
L 5.540315 1.99 5.579685 1.99 0 P 0
L 5.555 2.93 5.583 2.93 0 P 0
L 5.56 1.770315 5.56 1.809685 0 P 0
L 5.56 1.870315 5.56 1.909685 0 P 0
L 5.56 1.970315 5.56 2.009685 0 P 0
L 5.569 2.916 5.569 2.944 0 P 0
L 5.7 2.958 5.728 2.958 0 P 0
L 5.714 2.944 5.714 2.972 0 P 0
L 5.860128 2.4395 5.907372 2.4395 0 P 0
L 5.860128 2.538 5.907372 2.538 0 P 0
L 5.860128 2.6365 5.907372 2.6365 0 P 0
L 5.860128 2.735 5.907372 2.735 0 P 0
L 5.88375 2.415878 5.88375 2.463122 0 P 0
L 5.88375 2.514378 5.88375 2.561622 0 P 0
L 5.88375 2.612878 5.88375 2.660122 0 P 0
L 5.88375 2.711378 5.88375 2.758622 0 P 0
L 5.886378 3.1545 5.933622 3.1545 0 P 0
L 5.886378 3.253 5.933622 3.253 0 P 0
L 5.886378 3.3515 5.933622 3.3515 0 P 0
L 5.886378 3.45 5.933622 3.45 0 P 0
L 5.89 4.205 5.918 4.205 0 P 0
L 5.891378 3.7645 5.938622 3.7645 0 P 0
L 5.891378 3.863 5.938622 3.863 0 P 0
L 5.891378 3.9615 5.938622 3.9615 0 P 0
L 5.891378 4.06 5.938622 4.06 0 P 0
L 5.904 4.191 5.904 4.219 0 P 0
L 5.904065 4.4 5.943435 4.4 0 P 0
L 5.904065 4.5 5.943435 4.5 0 P 0
L 5.904065 4.6 5.943435 4.6 0 P 0
L 5.904065 5.08 5.943435 5.08 0 P 0
L 5.904065 5.18 5.943435 5.18 0 P 0
L 5.904065 5.28 5.943435 5.28 0 P 0
L 5.904065 5.735 5.943435 5.735 0 P 0
L 5.904065 5.835 5.943435 5.835 0 P 0
L 5.904065 5.935 5.943435 5.935 0 P 0
L 5.91 3.130878 5.91 3.178122 0 P 0
L 5.91 3.229378 5.91 3.276622 0 P 0
L 5.91 3.327878 5.91 3.375122 0 P 0
L 5.91 3.426378 5.91 3.473622 0 P 0
L 5.915 3.740878 5.915 3.788122 0 P 0
L 5.915 3.839378 5.915 3.886622 0 P 0
L 5.915 3.937878 5.915 3.985122 0 P 0
L 5.915 4.036378 5.915 4.083622 0 P 0
L 5.92375 4.380315 5.92375 4.419685 0 P 0
L 5.92375 4.480315 5.92375 4.519685 0 P 0
L 5.92375 4.580315 5.92375 4.619685 0 P 0
L 5.92375 5.060315 5.92375 5.099685 0 P 0
L 5.92375 5.160315 5.92375 5.199685 0 P 0
L 5.92375 5.260315 5.92375 5.299685 0 P 0
L 5.92375 5.715315 5.92375 5.754685 0 P 0
L 5.92375 5.815315 5.92375 5.854685 0 P 0
L 5.92375 5.915315 5.92375 5.954685 0 P 0
L 6.134 2.97 6.162 2.97 0 P 0
L 6.148 2.956 6.148 2.984 0 P 0
L 6.298878 2.4395 6.346122 2.4395 0 P 0
L 6.298878 2.538 6.346122 2.538 0 P 0
L 6.298878 2.6365 6.346122 2.6365 0 P 0
L 6.298878 2.735 6.346122 2.735 0 P 0
L 6.301378 3.7645 6.348622 3.7645 0 P 0
L 6.301378 3.863 6.348622 3.863 0 P 0
L 6.301378 3.9615 6.348622 3.9615 0 P 0
L 6.301378 4.06 6.348622 4.06 0 P 0
L 6.302815 4.4 6.342185 4.4 0 P 0
L 6.302815 4.5 6.342185 4.5 0 P 0
L 6.302815 4.6 6.342185 4.6 0 P 0
L 6.302815 5.08 6.342185 5.08 0 P 0
L 6.302815 5.18 6.342185 5.18 0 P 0
L 6.302815 5.28 6.342185 5.28 0 P 0
L 6.302815 5.735 6.342185 5.735 0 P 0
L 6.302815 5.835 6.342185 5.835 0 P 0
L 6.302815 5.935 6.342185 5.935 0 P 0
L 6.316378 3.1545 6.363622 3.1545 0 P 0
L 6.316378 3.253 6.363622 3.253 0 P 0
L 6.316378 3.3515 6.363622 3.3515 0 P 0
L 6.316378 3.45 6.363622 3.45 0 P 0
L 6.3225 2.415878 6.3225 2.463122 0 P 0
L 6.3225 2.514378 6.3225 2.561622 0 P 0
L 6.3225 2.612878 6.3225 2.660122 0 P 0
L 6.3225 2.711378 6.3225 2.758622 0 P 0
L 6.3225 4.380315 6.3225 4.419685 0 P 0
L 6.3225 4.480315 6.3225 4.519685 0 P 0
L 6.3225 4.580315 6.3225 4.619685 0 P 0
L 6.3225 5.060315 6.3225 5.099685 0 P 0
L 6.3225 5.160315 6.3225 5.199685 0 P 0
L 6.3225 5.260315 6.3225 5.299685 0 P 0
L 6.3225 5.715315 6.3225 5.754685 0 P 0
L 6.3225 5.815315 6.3225 5.854685 0 P 0
L 6.3225 5.915315 6.3225 5.954685 0 P 0
L 6.325 3.740878 6.325 3.788122 0 P 0
L 6.325 3.839378 6.325 3.886622 0 P 0
L 6.325 3.937878 6.325 3.985122 0 P 0
L 6.325 4.036378 6.325 4.083622 0 P 0
L 6.34 3.130878 6.34 3.178122 0 P 0
L 6.34 3.229378 6.34 3.276622 0 P 0
L 6.34 3.327878 6.34 3.375122 0 P 0
L 6.34 3.426378 6.34 3.473622 0 P 0
L 6.382 5.424 6.41 5.424 0 P 0
L 6.396 5.41 6.396 5.438 0 P 0
L 6.646 4.302 6.674 4.302 0 P 0
L 6.66 4.288 6.66 4.316 0 P 0
L 6.701565 4.4 6.740935 4.4 0 P 0
L 6.701565 4.5 6.740935 4.5 0 P 0
L 6.701565 4.6 6.740935 4.6 0 P 0
L 6.701565 5.08 6.740935 5.08 0 P 0
L 6.701565 5.18 6.740935 5.18 0 P 0
L 6.701565 5.28 6.740935 5.28 0 P 0
L 6.701565 5.735 6.740935 5.735 0 P 0
L 6.701565 5.835 6.740935 5.835 0 P 0
L 6.701565 5.935 6.740935 5.935 0 P 0
L 6.711378 3.7645 6.758622 3.7645 0 P 0
L 6.711378 3.863 6.758622 3.863 0 P 0
L 6.711378 3.9615 6.758622 3.9615 0 P 0
L 6.711378 4.06 6.758622 4.06 0 P 0
L 6.72125 4.380315 6.72125 4.419685 0 P 0
L 6.72125 4.480315 6.72125 4.519685 0 P 0
L 6.72125 4.580315 6.72125 4.619685 0 P 0
L 6.72125 5.060315 6.72125 5.099685 0 P 0
L 6.72125 5.160315 6.72125 5.199685 0 P 0
L 6.72125 5.260315 6.72125 5.299685 0 P 0
L 6.72125 5.715315 6.72125 5.754685 0 P 0
L 6.72125 5.815315 6.72125 5.854685 0 P 0
L 6.72125 5.915315 6.72125 5.954685 0 P 0
L 6.735 3.740878 6.735 3.788122 0 P 0
L 6.735 3.839378 6.735 3.886622 0 P 0
L 6.735 3.937878 6.735 3.985122 0 P 0
L 6.735 4.036378 6.735 4.083622 0 P 0
L 6.735315 1.765 6.774685 1.765 0 P 0
L 6.735315 1.865 6.774685 1.865 0 P 0
L 6.735315 1.965 6.774685 1.965 0 P 0
L 6.737628 2.4395 6.784872 2.4395 0 P 0
L 6.737628 2.538 6.784872 2.538 0 P 0
L 6.737628 2.6365 6.784872 2.6365 0 P 0
L 6.737628 2.735 6.784872 2.735 0 P 0
L 6.746378 3.1545 6.793622 3.1545 0 P 0
L 6.746378 3.253 6.793622 3.253 0 P 0
L 6.746378 3.3515 6.793622 3.3515 0 P 0
L 6.746378 3.45 6.793622 3.45 0 P 0
L 6.755 1.745315 6.755 1.784685 0 P 0
L 6.755 1.845315 6.755 1.884685 0 P 0
L 6.755 1.945315 6.755 1.984685 0 P 0
L 6.76125 2.415878 6.76125 2.463122 0 P 0
L 6.76125 2.514378 6.76125 2.561622 0 P 0
L 6.76125 2.612878 6.76125 2.660122 0 P 0
L 6.76125 2.711378 6.76125 2.758622 0 P 0
L 6.77 3.130878 6.77 3.178122 0 P 0
L 6.77 3.229378 6.77 3.276622 0 P 0
L 6.77 3.327878 6.77 3.375122 0 P 0
L 6.77 3.426378 6.77 3.473622 0 P 0
L 6.808 4.165 6.836 4.165 0 P 0
L 6.822 4.151 6.822 4.179 0 P 0
L 6.836 5.31 6.864 5.31 0 P 0
L 6.85 5.296 6.85 5.324 0 P 0
L 6.886 5.964 6.914 5.964 0 P 0
L 6.9 5.95 6.9 5.978 0 P 0
L 7.100315 4.4 7.139685 4.4 0 P 0
L 7.100315 4.5 7.139685 4.5 0 P 0
L 7.100315 4.6 7.139685 4.6 0 P 0
L 7.100315 5.08 7.139685 5.08 0 P 0
L 7.100315 5.18 7.139685 5.18 0 P 0
L 7.100315 5.28 7.139685 5.28 0 P 0
L 7.100315 5.735 7.139685 5.735 0 P 0
L 7.100315 5.835 7.139685 5.835 0 P 0
L 7.100315 5.935 7.139685 5.935 0 P 0
L 7.12 4.380315 7.12 4.419685 0 P 0
L 7.12 4.480315 7.12 4.519685 0 P 0
L 7.12 4.580315 7.12 4.619685 0 P 0
L 7.12 5.060315 7.12 5.099685 0 P 0
L 7.12 5.160315 7.12 5.199685 0 P 0
L 7.12 5.260315 7.12 5.299685 0 P 0
L 7.12 5.715315 7.12 5.754685 0 P 0
L 7.12 5.815315 7.12 5.854685 0 P 0
L 7.12 5.915315 7.12 5.954685 0 P 0
L 7.121378 3.7645 7.168622 3.7645 0 P 0
L 7.121378 3.863 7.168622 3.863 0 P 0
L 7.121378 3.9615 7.168622 3.9615 0 P 0
L 7.121378 4.06 7.168622 4.06 0 P 0
L 7.145 3.740878 7.145 3.788122 0 P 0
L 7.145 3.839378 7.145 3.886622 0 P 0
L 7.145 3.937878 7.145 3.985122 0 P 0
L 7.145 4.036378 7.145 4.083622 0 P 0
L 7.176378 2.4395 7.223622 2.4395 0 P 0
L 7.176378 2.538 7.223622 2.538 0 P 0
L 7.176378 2.6365 7.223622 2.6365 0 P 0
L 7.176378 2.735 7.223622 2.735 0 P 0
L 7.176378 3.1545 7.223622 3.1545 0 P 0
L 7.176378 3.253 7.223622 3.253 0 P 0
L 7.176378 3.3515 7.223622 3.3515 0 P 0
L 7.176378 3.45 7.223622 3.45 0 P 0
L 7.2 2.415878 7.2 2.463122 0 P 0
L 7.2 2.514378 7.2 2.561622 0 P 0
L 7.2 2.612878 7.2 2.660122 0 P 0
L 7.2 2.711378 7.2 2.758622 0 P 0
L 7.2 3.130878 7.2 3.178122 0 P 0
L 7.2 3.229378 7.2 3.276622 0 P 0
L 7.2 3.327878 7.2 3.375122 0 P 0
L 7.2 3.426378 7.2 3.473622 0 P 0
L 7.251 3.045 7.279 3.045 0 P 0
L 7.265 3.031 7.265 3.059 0 P 0
