#Layer_Color=6321
#
#Feature symbol names
#
$0 r6.6666
$1 r5

#
#Feature attribute names
#

#
#Layer features
#
A 2.85 5.915 2.85 5.915 2.83 5.915 0 P 0 N
A 3.35 6.05 3.35 6.05 3.33 6.05 0 P 0 N
A 5.286 3.95 5.286 3.95 5.266 3.95 0 P 0 N
A 5.589 2.93 5.589 2.93 5.569 2.93 0 P 0 N
A 5.734 2.958 5.734 2.958 5.714 2.958 0 P 0 N
A 5.924 4.205 5.924 4.205 5.904 4.205 0 P 0 N
A 6.168 2.97 6.168 2.97 6.148 2.97 0 P 0 N
A 6.416 5.424 6.416 5.424 6.396 5.424 0 P 0 N
A 6.68 4.302 6.68 4.302 6.66 4.302 0 P 0 N
A 6.842 4.165 6.842 4.165 6.822 4.165 0 P 0 N
A 6.87 5.31 6.87 5.31 6.85 5.31 0 P 0 N
A 6.92 5.964 6.92 5.964 6.9 5.964 0 P 0 N
A 7.285 3.045 7.285 3.045 7.265 3.045 0 P 0 N
L 1.385 3.856456 1.395 3.876456 1 P 0
L 1.385 3.856456 1.405 3.866456 1 P 0
L 1.385 3.896456 1.395 3.876456 1 P 0
L 1.385 3.896456 1.405 3.886456 1 P 0
L 1.385 3.95717 1.395 3.97717 1 P 0
L 1.385 3.95717 1.405 3.96717 1 P 0
L 1.385 3.99717 1.395 3.97717 1 P 0
L 1.385 3.99717 1.405 3.98717 1 P 0
L 1.385 4.057886 1.395 4.077886 1 P 0
L 1.385 4.057886 1.405 4.067886 1 P 0
L 1.385 4.097886 1.395 4.077886 1 P 0
L 1.385 4.097886 1.405 4.087886 1 P 0
L 1.385 4.1586 1.395 4.1786 1 P 0
L 1.385 4.1586 1.405 4.1686 1 P 0
L 1.385 4.1986 1.395 4.1786 1 P 0
L 1.385 4.1986 1.405 4.1886 1 P 0
L 1.385 4.259292 1.395 4.279292 1 P 0
L 1.385 4.259292 1.405 4.269292 1 P 0
L 1.385 4.299292 1.395 4.279292 1 P 0
L 1.385 4.299292 1.405 4.289292 1 P 0
L 1.385 4.36 1.395 4.38 1 P 0
L 1.385 4.36 1.405 4.37 1 P 0
L 1.385 4.4 1.395 4.38 1 P 0
L 1.385 4.4 1.405 4.39 1 P 0
L 1.385 4.460708 1.395 4.480708 1 P 0
L 1.385 4.460708 1.405 4.470708 1 P 0
L 1.385 4.500708 1.395 4.480708 1 P 0
L 1.385 4.500708 1.405 4.490708 1 P 0
L 1.385 4.561418 1.395 4.581418 1 P 0
L 1.385 4.561418 1.405 4.571418 1 P 0
L 1.385 4.601418 1.395 4.581418 1 P 0
L 1.385 4.601418 1.405 4.591418 1 P 0
L 1.385 5.04504 1.395 5.06504 1 P 0
L 1.385 5.04504 1.405 5.05504 1 P 0
L 1.385 5.08504 1.395 5.06504 1 P 0
L 1.385 5.08504 1.405 5.07504 1 P 0
L 1.385 5.145754 1.395 5.165754 1 P 0
L 1.385 5.145754 1.405 5.155754 1 P 0
L 1.385 5.185754 1.395 5.165754 1 P 0
L 1.385 5.185754 1.405 5.175754 1 P 0
L 1.385 5.246468 1.395 5.266468 1 P 0
L 1.385 5.246468 1.405 5.256468 1 P 0
L 1.385 5.286468 1.395 5.266468 1 P 0
L 1.385 5.286468 1.405 5.276468 1 P 0
L 1.385 5.347182 1.395 5.367182 1 P 0
L 1.385 5.347182 1.405 5.357182 1 P 0
L 1.385 5.387182 1.395 5.367182 1 P 0
L 1.385 5.387182 1.405 5.377182 1 P 0
L 1.385 5.447874 1.395 5.467874 1 P 0
L 1.385 5.447874 1.405 5.457874 1 P 0
L 1.385 5.487874 1.395 5.467874 1 P 0
L 1.385 5.487874 1.405 5.477874 1 P 0
L 1.385 5.548582 1.395 5.568582 1 P 0
L 1.385 5.548582 1.405 5.558582 1 P 0
L 1.385 5.588582 1.395 5.568582 1 P 0
L 1.385 5.588582 1.405 5.578582 1 P 0
L 1.385 5.649292 1.395 5.669292 1 P 0
L 1.385 5.649292 1.405 5.659292 1 P 0
L 1.385 5.689292 1.395 5.669292 1 P 0
L 1.385 5.689292 1.405 5.679292 1 P 0
L 1.385 5.75 1.395 5.77 1 P 0
L 1.385 5.75 1.405 5.76 1 P 0
L 1.385 5.79 1.395 5.77 1 P 0
L 1.385 5.79 1.405 5.78 1 P 0
L 1.405 3.866456 1.425 3.856456 1 P 0
L 1.405 3.886456 1.425 3.896456 1 P 0
L 1.405 3.96717 1.425 3.95717 1 P 0
L 1.405 3.98717 1.425 3.99717 1 P 0
L 1.405 4.067886 1.425 4.057886 1 P 0
L 1.405 4.087886 1.425 4.097886 1 P 0
L 1.405 4.1686 1.425 4.1586 1 P 0
L 1.405 4.1886 1.425 4.1986 1 P 0
L 1.405 4.269292 1.425 4.259292 1 P 0
L 1.405 4.289292 1.425 4.299292 1 P 0
L 1.405 4.37 1.425 4.36 1 P 0
L 1.405 4.39 1.425 4.4 1 P 0
L 1.405 4.470708 1.425 4.460708 1 P 0
L 1.405 4.490708 1.425 4.500708 1 P 0
L 1.405 4.571418 1.425 4.561418 1 P 0
L 1.405 4.591418 1.425 4.601418 1 P 0
L 1.405 5.05504 1.425 5.04504 1 P 0
L 1.405 5.07504 1.425 5.08504 1 P 0
L 1.405 5.155754 1.425 5.145754 1 P 0
L 1.405 5.175754 1.425 5.185754 1 P 0
L 1.405 5.256468 1.425 5.246468 1 P 0
L 1.405 5.276468 1.425 5.286468 1 P 0
L 1.405 5.357182 1.425 5.347182 1 P 0
L 1.405 5.377182 1.425 5.387182 1 P 0
L 1.405 5.457874 1.425 5.447874 1 P 0
L 1.405 5.477874 1.425 5.487874 1 P 0
L 1.405 5.558582 1.425 5.548582 1 P 0
L 1.405 5.578582 1.425 5.588582 1 P 0
L 1.405 5.659292 1.425 5.649292 1 P 0
L 1.405 5.679292 1.425 5.689292 1 P 0
L 1.405 5.76 1.425 5.75 1 P 0
L 1.405 5.78 1.425 5.79 1 P 0
L 1.415 3.876456 1.425 3.856456 1 P 0
L 1.415 3.876456 1.425 3.896456 1 P 0
L 1.415 3.97717 1.425 3.95717 1 P 0
L 1.415 3.97717 1.425 3.99717 1 P 0
L 1.415 4.077886 1.425 4.057886 1 P 0
L 1.415 4.077886 1.425 4.097886 1 P 0
L 1.415 4.1786 1.425 4.1586 1 P 0
L 1.415 4.1786 1.425 4.1986 1 P 0
L 1.415 4.279292 1.425 4.259292 1 P 0
L 1.415 4.279292 1.425 4.299292 1 P 0
L 1.415 4.38 1.425 4.36 1 P 0
L 1.415 4.38 1.425 4.4 1 P 0
L 1.415 4.480708 1.425 4.460708 1 P 0
L 1.415 4.480708 1.425 4.500708 1 P 0
L 1.415 4.581418 1.425 4.561418 1 P 0
L 1.415 4.581418 1.425 4.601418 1 P 0
L 1.415 5.06504 1.425 5.04504 1 P 0
L 1.415 5.06504 1.425 5.08504 1 P 0
L 1.415 5.165754 1.425 5.145754 1 P 0
L 1.415 5.165754 1.425 5.185754 1 P 0
L 1.415 5.266468 1.425 5.246468 1 P 0
L 1.415 5.266468 1.425 5.286468 1 P 0
L 1.415 5.367182 1.425 5.347182 1 P 0
L 1.415 5.367182 1.425 5.387182 1 P 0
L 1.415 5.467874 1.425 5.447874 1 P 0
L 1.415 5.467874 1.425 5.487874 1 P 0
L 1.415 5.568582 1.425 5.548582 1 P 0
L 1.415 5.568582 1.425 5.588582 1 P 0
L 1.415 5.669292 1.425 5.649292 1 P 0
L 1.415 5.669292 1.425 5.689292 1 P 0
L 1.415 5.77 1.425 5.75 1 P 0
L 1.415 5.77 1.425 5.79 1 P 0
L 1.565 3.36 1.565 3.38 1 P 0
L 1.565 3.36 1.575 3.36 1 P 0
L 1.565 3.38 1.575 3.38 1 P 0
L 1.575 3.35 1.575 3.36 1 P 0
L 1.575 3.35 1.595 3.35 1 P 0
L 1.575 3.38 1.575 3.39 1 P 0
L 1.575 3.39 1.595 3.39 1 P 0
L 1.595 3.35 1.595 3.36 1 P 0
L 1.595 3.36 1.605 3.36 1 P 0
L 1.595 3.38 1.595 3.39 1 P 0
L 1.595 3.38 1.605 3.38 1 P 0
L 1.605 3.36 1.605 3.38 1 P 0
L 1.765 3.36 1.765 3.38 1 P 0
L 1.765 3.36 1.775 3.36 1 P 0
L 1.765 3.38 1.775 3.38 1 P 0
L 1.775 3.35 1.775 3.36 1 P 0
L 1.775 3.35 1.795 3.35 1 P 0
L 1.775 3.38 1.775 3.39 1 P 0
L 1.775 3.39 1.795 3.39 1 P 0
L 1.795 3.35 1.795 3.36 1 P 0
L 1.795 3.36 1.805 3.36 1 P 0
L 1.795 3.38 1.795 3.39 1 P 0
L 1.795 3.38 1.805 3.38 1 P 0
L 1.805 3.36 1.805 3.38 1 P 0
L 1.95 2.495 1.95 2.515 1 P 0
L 1.95 2.495 1.96 2.495 1 P 0
L 1.95 2.515 1.96 2.515 1 P 0
L 1.96 2.485 1.96 2.495 1 P 0
L 1.96 2.485 1.98 2.485 1 P 0
L 1.96 2.515 1.96 2.525 1 P 0
L 1.96 2.525 1.98 2.525 1 P 0
L 1.98 2.485 1.98 2.495 1 P 0
L 1.98 2.495 1.99 2.495 1 P 0
L 1.98 2.515 1.98 2.525 1 P 0
L 1.98 2.515 1.99 2.515 1 P 0
L 1.99 2.495 1.99 2.515 1 P 0
L 2.15 2.495 2.15 2.515 1 P 0
L 2.15 2.495 2.16 2.495 1 P 0
L 2.15 2.515 2.16 2.515 1 P 0
L 2.16 2.485 2.16 2.495 1 P 0
L 2.16 2.485 2.18 2.485 1 P 0
L 2.16 2.515 2.16 2.525 1 P 0
L 2.16 2.525 2.18 2.525 1 P 0
L 2.18 2.485 2.18 2.495 1 P 0
L 2.18 2.495 2.19 2.495 1 P 0
L 2.18 2.515 2.18 2.525 1 P 0
L 2.18 2.515 2.19 2.515 1 P 0
L 2.19 2.495 2.19 2.515 1 P 0
L 2.19 3.35 2.19 3.37 1 P 0
L 2.19 3.35 2.2 3.35 1 P 0
L 2.19 3.37 2.2 3.37 1 P 0
L 2.2 3.34 2.2 3.35 1 P 0
L 2.2 3.34 2.22 3.34 1 P 0
L 2.2 3.37 2.2 3.38 1 P 0
L 2.2 3.38 2.22 3.38 1 P 0
L 2.22 3.34 2.22 3.35 1 P 0
L 2.22 3.35 2.23 3.35 1 P 0
L 2.22 3.37 2.22 3.38 1 P 0
L 2.22 3.37 2.23 3.37 1 P 0
L 2.23 3.35 2.23 3.37 1 P 0
L 2.39 3.35 2.39 3.37 1 P 0
L 2.39 3.35 2.4 3.35 1 P 0
L 2.39 3.37 2.4 3.37 1 P 0
L 2.4 3.34 2.4 3.35 1 P 0
L 2.4 3.34 2.42 3.34 1 P 0
L 2.4 3.37 2.4 3.38 1 P 0
L 2.4 3.38 2.42 3.38 1 P 0
L 2.42 3.34 2.42 3.35 1 P 0
L 2.42 3.35 2.43 3.35 1 P 0
L 2.42 3.37 2.42 3.38 1 P 0
L 2.42 3.37 2.43 3.37 1 P 0
L 2.43 3.35 2.43 3.37 1 P 0
L 2.865 2.725 2.865 2.765 1 P 0
L 2.865 2.725 2.905 2.725 1 P 0
L 2.865 2.765 2.905 2.765 1 P 0
L 2.865 2.825 2.865 2.865 1 P 0
L 2.865 2.825 2.905 2.825 1 P 0
L 2.865 2.865 2.905 2.865 1 P 0
L 2.865 2.925 2.865 2.965 1 P 0
L 2.865 2.925 2.905 2.925 1 P 0
L 2.865 2.965 2.905 2.965 1 P 0
L 2.865 3.025 2.865 3.065 1 P 0
L 2.865 3.025 2.905 3.025 1 P 0
L 2.865 3.065 2.905 3.065 1 P 0
L 2.865 3.125 2.865 3.165 1 P 0
L 2.865 3.125 2.905 3.125 1 P 0
L 2.865 3.165 2.905 3.165 1 P 0
L 2.865 3.225 2.865 3.265 1 P 0
L 2.865 3.225 2.905 3.225 1 P 0
L 2.865 3.265 2.905 3.265 1 P 0
L 2.865 3.325 2.865 3.365 1 P 0
L 2.865 3.325 2.905 3.325 1 P 0
L 2.865 3.365 2.905 3.365 1 P 0
L 2.865 3.425 2.865 3.465 1 P 0
L 2.865 3.425 2.905 3.425 1 P 0
L 2.865 3.465 2.905 3.465 1 P 0
L 2.865 3.525 2.865 3.565 1 P 0
L 2.865 3.525 2.905 3.525 1 P 0
L 2.865 3.565 2.905 3.565 1 P 0
L 2.865 3.625 2.865 3.665 1 P 0
L 2.865 3.625 2.905 3.625 1 P 0
L 2.865 3.665 2.905 3.665 1 P 0
L 2.865 3.785 2.865 3.825 1 P 0
L 2.865 3.785 2.905 3.785 1 P 0
L 2.865 3.825 2.905 3.825 1 P 0
L 2.865 3.885 2.865 3.925 1 P 0
L 2.865 3.885 2.905 3.885 1 P 0
L 2.865 3.925 2.905 3.925 1 P 0
L 2.865 3.985 2.865 4.025 1 P 0
L 2.865 3.985 2.905 3.985 1 P 0
L 2.865 4.025 2.905 4.025 1 P 0
L 2.865 4.085 2.865 4.125 1 P 0
L 2.865 4.085 2.905 4.085 1 P 0
L 2.865 4.125 2.905 4.125 1 P 0
L 2.865 4.185 2.865 4.225 1 P 0
L 2.865 4.185 2.905 4.185 1 P 0
L 2.865 4.225 2.905 4.225 1 P 0
L 2.865 4.285 2.865 4.325 1 P 0
L 2.865 4.285 2.905 4.285 1 P 0
L 2.865 4.325 2.905 4.325 1 P 0
L 2.865 4.385 2.865 4.425 1 P 0
L 2.865 4.385 2.905 4.385 1 P 0
L 2.865 4.425 2.905 4.425 1 P 0
L 2.865 4.485 2.865 4.525 1 P 0
L 2.865 4.485 2.905 4.485 1 P 0
L 2.865 4.525 2.905 4.525 1 P 0
L 2.865 4.685 2.865 4.725 1 P 0
L 2.865 4.685 2.905 4.685 1 P 0
L 2.865 4.725 2.905 4.725 1 P 0
L 2.865 4.785 2.865 4.825 1 P 0
L 2.865 4.785 2.905 4.785 1 P 0
L 2.865 4.825 2.905 4.825 1 P 0
L 2.865 4.885 2.865 4.925 1 P 0
L 2.865 4.885 2.905 4.885 1 P 0
L 2.865 4.925 2.905 4.925 1 P 0
L 2.865 4.985 2.865 5.025 1 P 0
L 2.865 4.985 2.905 4.985 1 P 0
L 2.865 5.025 2.905 5.025 1 P 0
L 2.865 5.085 2.865 5.125 1 P 0
L 2.865 5.085 2.905 5.085 1 P 0
L 2.865 5.125 2.905 5.125 1 P 0
L 2.865 5.185 2.865 5.225 1 P 0
L 2.865 5.185 2.905 5.185 1 P 0
L 2.865 5.225 2.905 5.225 1 P 0
L 2.865 5.285 2.865 5.325 1 P 0
L 2.865 5.285 2.905 5.285 1 P 0
L 2.865 5.325 2.905 5.325 1 P 0
L 2.865 5.385 2.865 5.425 1 P 0
L 2.865 5.385 2.905 5.385 1 P 0
L 2.865 5.425 2.905 5.425 1 P 0
L 2.865 5.685 2.865 5.725 1 P 0
L 2.865 5.685 2.905 5.685 1 P 0
L 2.865 5.725 2.905 5.725 1 P 0
L 2.865 5.785 2.865 5.825 1 P 0
L 2.865 5.785 2.905 5.785 1 P 0
L 2.865 5.825 2.905 5.825 1 P 0
L 2.905 2.725 2.905 2.765 1 P 0
L 2.905 2.825 2.905 2.865 1 P 0
L 2.905 2.925 2.905 2.965 1 P 0
L 2.905 3.025 2.905 3.065 1 P 0
L 2.905 3.125 2.905 3.165 1 P 0
L 2.905 3.225 2.905 3.265 1 P 0
L 2.905 3.325 2.905 3.365 1 P 0
L 2.905 3.425 2.905 3.465 1 P 0
L 2.905 3.525 2.905 3.565 1 P 0
L 2.905 3.625 2.905 3.665 1 P 0
L 2.905 3.785 2.905 3.825 1 P 0
L 2.905 3.885 2.905 3.925 1 P 0
L 2.905 3.985 2.905 4.025 1 P 0
L 2.905 4.085 2.905 4.125 1 P 0
L 2.905 4.185 2.905 4.225 1 P 0
L 2.905 4.285 2.905 4.325 1 P 0
L 2.905 4.385 2.905 4.425 1 P 0
L 2.905 4.485 2.905 4.525 1 P 0
L 2.905 4.685 2.905 4.725 1 P 0
L 2.905 4.785 2.905 4.825 1 P 0
L 2.905 4.885 2.905 4.925 1 P 0
L 2.905 4.985 2.905 5.025 1 P 0
L 2.905 5.085 2.905 5.125 1 P 0
L 2.905 5.185 2.905 5.225 1 P 0
L 2.905 5.285 2.905 5.325 1 P 0
L 2.905 5.385 2.905 5.425 1 P 0
L 2.905 5.685 2.905 5.725 1 P 0
L 2.905 5.785 2.905 5.825 1 P 0
L 2.965 5.685 2.965 5.725 1 P 0
L 2.965 5.685 3.005 5.685 1 P 0
L 2.965 5.725 3.005 5.725 1 P 0
L 2.965 5.785 2.965 5.825 1 P 0
L 2.965 5.785 3.005 5.785 1 P 0
L 2.965 5.825 3.005 5.825 1 P 0
L 3.005 5.685 3.005 5.725 1 P 0
L 3.005 5.785 3.005 5.825 1 P 0
L 3.065 5.685 3.065 5.725 1 P 0
L 3.065 5.685 3.105 5.685 1 P 0
L 3.065 5.725 3.105 5.725 1 P 0
L 3.065 5.785 3.065 5.825 1 P 0
L 3.065 5.785 3.105 5.785 1 P 0
L 3.065 5.825 3.105 5.825 1 P 0
L 3.105 5.685 3.105 5.725 1 P 0
L 3.105 5.785 3.105 5.825 1 P 0
L 3.165 5.685 3.165 5.725 1 P 0
L 3.165 5.685 3.205 5.685 1 P 0
L 3.165 5.725 3.205 5.725 1 P 0
L 3.165 5.785 3.165 5.825 1 P 0
L 3.165 5.785 3.205 5.785 1 P 0
L 3.165 5.825 3.205 5.825 1 P 0
L 3.205 5.685 3.205 5.725 1 P 0
L 3.205 5.785 3.205 5.825 1 P 0
L 3.265 5.685 3.265 5.725 1 P 0
L 3.265 5.685 3.305 5.685 1 P 0
L 3.265 5.725 3.305 5.725 1 P 0
L 3.265 5.785 3.265 5.825 1 P 0
L 3.265 5.785 3.305 5.785 1 P 0
L 3.265 5.825 3.305 5.825 1 P 0
L 3.305 5.685 3.305 5.725 1 P 0
L 3.305 5.785 3.305 5.825 1 P 0
L 3.365 5.685 3.365 5.725 1 P 0
L 3.365 5.685 3.405 5.685 1 P 0
L 3.365 5.725 3.405 5.725 1 P 0
L 3.365 5.785 3.365 5.825 1 P 0
L 3.365 5.785 3.405 5.785 1 P 0
L 3.365 5.825 3.405 5.825 1 P 0
L 3.405 5.685 3.405 5.725 1 P 0
L 3.405 5.785 3.405 5.825 1 P 0
L 3.465 5.685 3.465 5.725 1 P 0
L 3.465 5.685 3.505 5.685 1 P 0
L 3.465 5.725 3.505 5.725 1 P 0
L 3.465 5.785 3.465 5.825 1 P 0
L 3.465 5.785 3.505 5.785 1 P 0
L 3.465 5.825 3.505 5.825 1 P 0
L 3.505 5.685 3.505 5.725 1 P 0
L 3.505 5.785 3.505 5.825 1 P 0
L 3.565 5.685 3.565 5.725 1 P 0
L 3.565 5.685 3.605 5.685 1 P 0
L 3.565 5.725 3.605 5.725 1 P 0
L 3.565 5.785 3.565 5.825 1 P 0
L 3.565 5.785 3.605 5.785 1 P 0
L 3.565 5.825 3.605 5.825 1 P 0
L 3.605 5.685 3.605 5.725 1 P 0
L 3.605 5.785 3.605 5.825 1 P 0
L 3.665 5.685 3.665 5.725 1 P 0
L 3.665 5.685 3.705 5.685 1 P 0
L 3.665 5.725 3.705 5.725 1 P 0
L 3.665 5.785 3.665 5.825 1 P 0
L 3.665 5.785 3.705 5.785 1 P 0
L 3.665 5.825 3.705 5.825 1 P 0
L 3.705 5.685 3.705 5.725 1 P 0
L 3.705 5.785 3.705 5.825 1 P 0
L 3.765 5.685 3.765 5.725 1 P 0
L 3.765 5.685 3.805 5.685 1 P 0
L 3.765 5.725 3.805 5.725 1 P 0
L 3.765 5.785 3.765 5.825 1 P 0
L 3.765 5.785 3.805 5.785 1 P 0
L 3.765 5.825 3.805 5.825 1 P 0
L 3.805 5.685 3.805 5.725 1 P 0
L 3.805 5.785 3.805 5.825 1 P 0
L 3.865 5.685 3.865 5.725 1 P 0
L 3.865 5.685 3.905 5.685 1 P 0
L 3.865 5.725 3.905 5.725 1 P 0
L 3.865 5.785 3.865 5.825 1 P 0
L 3.865 5.785 3.905 5.785 1 P 0
L 3.865 5.825 3.905 5.825 1 P 0
L 3.905 5.685 3.905 5.725 1 P 0
L 3.905 5.785 3.905 5.825 1 P 0
L 3.965 5.685 3.965 5.725 1 P 0
L 3.965 5.685 4.005 5.685 1 P 0
L 3.965 5.725 4.005 5.725 1 P 0
L 3.965 5.785 3.965 5.825 1 P 0
L 3.965 5.785 4.005 5.785 1 P 0
L 3.965 5.825 4.005 5.825 1 P 0
L 4.005 5.685 4.005 5.725 1 P 0
L 4.005 5.785 4.005 5.825 1 P 0
L 4.065 5.685 4.065 5.725 1 P 0
L 4.065 5.685 4.105 5.685 1 P 0
L 4.065 5.725 4.105 5.725 1 P 0
L 4.065 5.785 4.065 5.825 1 P 0
L 4.065 5.785 4.105 5.785 1 P 0
L 4.065 5.825 4.105 5.825 1 P 0
L 4.105 5.685 4.105 5.725 1 P 0
L 4.105 5.785 4.105 5.825 1 P 0
L 4.165 5.685 4.165 5.725 1 P 0
L 4.165 5.685 4.205 5.685 1 P 0
L 4.165 5.725 4.205 5.725 1 P 0
L 4.165 5.785 4.165 5.825 1 P 0
L 4.165 5.785 4.205 5.785 1 P 0
L 4.165 5.825 4.205 5.825 1 P 0
L 4.205 5.685 4.205 5.725 1 P 0
L 4.205 5.785 4.205 5.825 1 P 0
L 4.265 5.685 4.265 5.725 1 P 0
L 4.265 5.685 4.305 5.685 1 P 0
L 4.265 5.725 4.305 5.725 1 P 0
L 4.265 5.785 4.265 5.825 1 P 0
L 4.265 5.785 4.305 5.785 1 P 0
L 4.265 5.825 4.305 5.825 1 P 0
L 4.305 5.685 4.305 5.725 1 P 0
L 4.305 5.785 4.305 5.825 1 P 0
L 4.365 5.685 4.365 5.725 1 P 0
L 4.365 5.685 4.405 5.685 1 P 0
L 4.365 5.725 4.405 5.725 1 P 0
L 4.365 5.785 4.365 5.825 1 P 0
L 4.365 5.785 4.405 5.785 1 P 0
L 4.365 5.825 4.405 5.825 1 P 0
L 4.405 5.685 4.405 5.725 1 P 0
L 4.405 5.785 4.405 5.825 1 P 0
L 4.465 5.685 4.465 5.725 1 P 0
L 4.465 5.685 4.505 5.685 1 P 0
L 4.465 5.725 4.505 5.725 1 P 0
L 4.465 5.785 4.465 5.825 1 P 0
L 4.465 5.785 4.505 5.785 1 P 0
L 4.465 5.825 4.505 5.825 1 P 0
L 4.505 5.685 4.505 5.725 1 P 0
L 4.505 5.785 4.505 5.825 1 P 0
L 4.565 5.685 4.565 5.725 1 P 0
L 4.565 5.685 4.605 5.685 1 P 0
L 4.565 5.725 4.605 5.725 1 P 0
L 4.565 5.785 4.565 5.825 1 P 0
L 4.565 5.785 4.605 5.785 1 P 0
L 4.565 5.825 4.605 5.825 1 P 0
L 4.605 5.685 4.605 5.725 1 P 0
L 4.605 5.785 4.605 5.825 1 P 0
L 4.765 3.085 4.765 3.125 1 P 0
L 4.765 3.085 4.805 3.085 1 P 0
L 4.765 3.125 4.805 3.125 1 P 0
L 4.765 3.185 4.765 3.225 1 P 0
L 4.765 3.185 4.805 3.185 1 P 0
L 4.765 3.225 4.805 3.225 1 P 0
L 4.765 3.285 4.765 3.325 1 P 0
L 4.765 3.285 4.805 3.285 1 P 0
L 4.765 3.325 4.805 3.325 1 P 0
L 4.765 3.385 4.765 3.425 1 P 0
L 4.765 3.385 4.805 3.385 1 P 0
L 4.765 3.425 4.805 3.425 1 P 0
L 4.765 3.485 4.765 3.525 1 P 0
L 4.765 3.485 4.805 3.485 1 P 0
L 4.765 3.525 4.805 3.525 1 P 0
L 4.765 3.585 4.765 3.625 1 P 0
L 4.765 3.585 4.805 3.585 1 P 0
L 4.765 3.625 4.805 3.625 1 P 0
L 4.765 3.685 4.765 3.725 1 P 0
L 4.765 3.685 4.805 3.685 1 P 0
L 4.765 3.725 4.805 3.725 1 P 0
L 4.765 3.785 4.765 3.825 1 P 0
L 4.765 3.785 4.805 3.785 1 P 0
L 4.765 3.825 4.805 3.825 1 P 0
L 4.765 3.985 4.765 4.025 1 P 0
L 4.765 3.985 4.805 3.985 1 P 0
L 4.765 4.025 4.805 4.025 1 P 0
L 4.765 4.085 4.765 4.125 1 P 0
L 4.765 4.085 4.805 4.085 1 P 0
L 4.765 4.125 4.805 4.125 1 P 0
L 4.765 4.185 4.765 4.225 1 P 0
L 4.765 4.185 4.805 4.185 1 P 0
L 4.765 4.225 4.805 4.225 1 P 0
L 4.765 4.285 4.765 4.325 1 P 0
L 4.765 4.285 4.805 4.285 1 P 0
L 4.765 4.325 4.805 4.325 1 P 0
L 4.765 4.385 4.765 4.425 1 P 0
L 4.765 4.385 4.805 4.385 1 P 0
L 4.765 4.425 4.805 4.425 1 P 0
L 4.765 4.485 4.765 4.525 1 P 0
L 4.765 4.485 4.805 4.485 1 P 0
L 4.765 4.525 4.805 4.525 1 P 0
L 4.765 4.585 4.765 4.625 1 P 0
L 4.765 4.585 4.805 4.585 1 P 0
L 4.765 4.625 4.805 4.625 1 P 0
L 4.765 4.685 4.765 4.725 1 P 0
L 4.765 4.685 4.805 4.685 1 P 0
L 4.765 4.725 4.805 4.725 1 P 0
L 4.765 4.885 4.765 4.925 1 P 0
L 4.765 4.885 4.805 4.885 1 P 0
L 4.765 4.925 4.805 4.925 1 P 0
L 4.765 4.985 4.765 5.025 1 P 0
L 4.765 4.985 4.805 4.985 1 P 0
L 4.765 5.025 4.805 5.025 1 P 0
L 4.765 5.085 4.765 5.125 1 P 0
L 4.765 5.085 4.805 5.085 1 P 0
L 4.765 5.125 4.805 5.125 1 P 0
L 4.765 5.185 4.765 5.225 1 P 0
L 4.765 5.185 4.805 5.185 1 P 0
L 4.765 5.225 4.805 5.225 1 P 0
L 4.765 5.285 4.765 5.325 1 P 0
L 4.765 5.285 4.805 5.285 1 P 0
L 4.765 5.325 4.805 5.325 1 P 0
L 4.765 5.385 4.765 5.425 1 P 0
L 4.765 5.385 4.805 5.385 1 P 0
L 4.765 5.425 4.805 5.425 1 P 0
L 4.765 5.485 4.765 5.525 1 P 0
L 4.765 5.485 4.805 5.485 1 P 0
L 4.765 5.525 4.805 5.525 1 P 0
L 4.765 5.585 4.765 5.625 1 P 0
L 4.765 5.585 4.805 5.585 1 P 0
L 4.765 5.625 4.805 5.625 1 P 0
L 4.805 3.085 4.805 3.125 1 P 0
L 4.805 3.185 4.805 3.225 1 P 0
L 4.805 3.285 4.805 3.325 1 P 0
L 4.805 3.385 4.805 3.425 1 P 0
L 4.805 3.485 4.805 3.525 1 P 0
L 4.805 3.585 4.805 3.625 1 P 0
L 4.805 3.685 4.805 3.725 1 P 0
L 4.805 3.785 4.805 3.825 1 P 0
L 4.805 3.985 4.805 4.025 1 P 0
L 4.805 4.085 4.805 4.125 1 P 0
L 4.805 4.185 4.805 4.225 1 P 0
L 4.805 4.285 4.805 4.325 1 P 0
L 4.805 4.385 4.805 4.425 1 P 0
L 4.805 4.485 4.805 4.525 1 P 0
L 4.805 4.585 4.805 4.625 1 P 0
L 4.805 4.685 4.805 4.725 1 P 0
L 4.805 4.885 4.805 4.925 1 P 0
L 4.805 4.985 4.805 5.025 1 P 0
L 4.805 5.085 4.805 5.125 1 P 0
L 4.805 5.185 4.805 5.225 1 P 0
L 4.805 5.285 4.805 5.325 1 P 0
L 4.805 5.385 4.805 5.425 1 P 0
L 4.805 5.485 4.805 5.525 1 P 0
L 4.805 5.585 4.805 5.625 1 P 0
L 5.425 2.4295 5.435 2.4295 1 P 0
L 5.425 2.4295 5.435 2.4395 1 P 0
L 5.425 2.4495 5.435 2.4395 1 P 0
L 5.425 2.4495 5.435 2.4495 1 P 0
L 5.425 2.528 5.435 2.528 1 P 0
L 5.425 2.528 5.435 2.538 1 P 0
L 5.425 2.548 5.435 2.538 1 P 0
L 5.425 2.548 5.435 2.548 1 P 0
L 5.425 2.6265 5.435 2.6265 1 P 0
L 5.425 2.6265 5.435 2.6365 1 P 0
L 5.425 2.6465 5.435 2.6365 1 P 0
L 5.425 2.6465 5.435 2.6465 1 P 0
L 5.425 2.725 5.435 2.725 1 P 0
L 5.425 2.725 5.435 2.735 1 P 0
L 5.425 2.745 5.435 2.735 1 P 0
L 5.425 2.745 5.435 2.745 1 P 0
L 5.435 2.4295 5.445 2.4195 1 P 0
L 5.435 2.4495 5.445 2.4595 1 P 0
L 5.435 2.528 5.445 2.518 1 P 0
L 5.435 2.548 5.445 2.558 1 P 0
L 5.435 2.6265 5.445 2.6165 1 P 0
L 5.435 2.6465 5.445 2.6565 1 P 0
L 5.435 2.725 5.445 2.715 1 P 0
L 5.435 2.745 5.445 2.755 1 P 0
L 5.445 2.4195 5.455 2.4295 1 P 0
L 5.445 2.4595 5.455 2.4495 1 P 0
L 5.445 2.518 5.455 2.528 1 P 0
L 5.445 2.558 5.455 2.548 1 P 0
L 5.445 2.6165 5.455 2.6265 1 P 0
L 5.445 2.6565 5.455 2.6465 1 P 0
L 5.445 2.715 5.455 2.725 1 P 0
L 5.445 2.755 5.455 2.745 1 P 0
L 5.455 2.4295 5.465 2.4295 1 P 0
L 5.455 2.4395 5.465 2.4295 1 P 0
L 5.455 2.4395 5.465 2.4495 1 P 0
L 5.455 2.4495 5.465 2.4495 1 P 0
L 5.455 2.528 5.465 2.528 1 P 0
L 5.455 2.538 5.465 2.528 1 P 0
L 5.455 2.538 5.465 2.548 1 P 0
L 5.455 2.548 5.465 2.548 1 P 0
L 5.455 2.6265 5.465 2.6265 1 P 0
L 5.455 2.6365 5.465 2.6265 1 P 0
L 5.455 2.6365 5.465 2.6465 1 P 0
L 5.455 2.6465 5.465 2.6465 1 P 0
L 5.455 2.725 5.465 2.725 1 P 0
L 5.455 2.735 5.465 2.725 1 P 0
L 5.455 2.735 5.465 2.745 1 P 0
L 5.455 2.745 5.465 2.745 1 P 0
L 5.46 3.1445 5.47 3.1445 1 P 0
L 5.46 3.1445 5.47 3.1545 1 P 0
L 5.46 3.1645 5.47 3.1545 1 P 0
L 5.46 3.1645 5.47 3.1645 1 P 0
L 5.46 3.243 5.47 3.243 1 P 0
L 5.46 3.243 5.47 3.253 1 P 0
L 5.46 3.263 5.47 3.253 1 P 0
L 5.46 3.263 5.47 3.263 1 P 0
L 5.46 3.3415 5.47 3.3415 1 P 0
L 5.46 3.3415 5.47 3.3515 1 P 0
L 5.46 3.3615 5.47 3.3515 1 P 0
L 5.46 3.3615 5.47 3.3615 1 P 0
L 5.46 3.44 5.47 3.44 1 P 0
L 5.46 3.44 5.47 3.45 1 P 0
L 5.46 3.46 5.47 3.45 1 P 0
L 5.46 3.46 5.47 3.46 1 P 0
L 5.47 3.1445 5.48 3.1345 1 P 0
L 5.47 3.1645 5.48 3.1745 1 P 0
L 5.47 3.243 5.48 3.233 1 P 0
L 5.47 3.263 5.48 3.273 1 P 0
L 5.47 3.3415 5.48 3.3315 1 P 0
L 5.47 3.3615 5.48 3.3715 1 P 0
L 5.47 3.44 5.48 3.43 1 P 0
L 5.47 3.46 5.48 3.47 1 P 0
L 5.48 3.1345 5.49 3.1445 1 P 0
L 5.48 3.1745 5.49 3.1645 1 P 0
L 5.48 3.233 5.49 3.243 1 P 0
L 5.48 3.273 5.49 3.263 1 P 0
L 5.48 3.3315 5.49 3.3415 1 P 0
L 5.48 3.3715 5.49 3.3615 1 P 0
L 5.48 3.43 5.49 3.44 1 P 0
L 5.48 3.47 5.49 3.46 1 P 0
L 5.485 3.7545 5.495 3.7545 1 P 0
L 5.485 3.7545 5.495 3.7645 1 P 0
L 5.485 3.7745 5.495 3.7645 1 P 0
L 5.485 3.7745 5.495 3.7745 1 P 0
L 5.485 3.853 5.495 3.853 1 P 0
L 5.485 3.853 5.495 3.863 1 P 0
L 5.485 3.873 5.495 3.863 1 P 0
L 5.485 3.873 5.495 3.873 1 P 0
L 5.485 3.9515 5.495 3.9515 1 P 0
L 5.485 3.9515 5.495 3.9615 1 P 0
L 5.485 3.9715 5.495 3.9615 1 P 0
L 5.485 3.9715 5.495 3.9715 1 P 0
L 5.485 4.05 5.495 4.05 1 P 0
L 5.485 4.05 5.495 4.06 1 P 0
L 5.485 4.07 5.495 4.06 1 P 0
L 5.485 4.07 5.495 4.07 1 P 0
L 5.49 3.1445 5.5 3.1445 1 P 0
L 5.49 3.1545 5.5 3.1445 1 P 0
L 5.49 3.1545 5.5 3.1645 1 P 0
L 5.49 3.1645 5.5 3.1645 1 P 0
L 5.49 3.243 5.5 3.243 1 P 0
L 5.49 3.253 5.5 3.243 1 P 0
L 5.49 3.253 5.5 3.263 1 P 0
L 5.49 3.263 5.5 3.263 1 P 0
L 5.49 3.3415 5.5 3.3415 1 P 0
L 5.49 3.3515 5.5 3.3415 1 P 0
L 5.49 3.3515 5.5 3.3615 1 P 0
L 5.49 3.3615 5.5 3.3615 1 P 0
L 5.49 3.44 5.5 3.44 1 P 0
L 5.49 3.45 5.5 3.44 1 P 0
L 5.49 3.45 5.5 3.46 1 P 0
L 5.49 3.46 5.5 3.46 1 P 0
L 5.495 3.7545 5.505 3.7445 1 P 0
L 5.495 3.7745 5.505 3.7845 1 P 0
L 5.495 3.853 5.505 3.843 1 P 0
L 5.495 3.873 5.505 3.883 1 P 0
L 5.495 3.9515 5.505 3.9415 1 P 0
L 5.495 3.9715 5.505 3.9815 1 P 0
L 5.495 4.05 5.505 4.04 1 P 0
L 5.495 4.07 5.505 4.08 1 P 0
L 5.505 3.7445 5.515 3.7545 1 P 0
L 5.505 3.7845 5.515 3.7745 1 P 0
L 5.505 3.843 5.515 3.853 1 P 0
L 5.505 3.883 5.515 3.873 1 P 0
L 5.505 3.9415 5.515 3.9515 1 P 0
L 5.505 3.9815 5.515 3.9715 1 P 0
L 5.505 4.04 5.515 4.05 1 P 0
L 5.505 4.08 5.515 4.07 1 P 0
L 5.505 4.42 5.525 4.38 1 P 0
L 5.505 4.42 5.545 4.42 1 P 0
L 5.505 4.52 5.525 4.48 1 P 0
L 5.505 4.52 5.545 4.52 1 P 0
L 5.505 4.62 5.525 4.58 1 P 0
L 5.505 4.62 5.545 4.62 1 P 0
L 5.505 5.1 5.525 5.06 1 P 0
L 5.505 5.1 5.545 5.1 1 P 0
L 5.505 5.2 5.525 5.16 1 P 0
L 5.505 5.2 5.545 5.2 1 P 0
L 5.505 5.3 5.525 5.26 1 P 0
L 5.505 5.3 5.545 5.3 1 P 0
L 5.505 5.755 5.525 5.715 1 P 0
L 5.505 5.755 5.545 5.755 1 P 0
L 5.505 5.855 5.525 5.815 1 P 0
L 5.505 5.855 5.545 5.855 1 P 0
L 5.505 5.955 5.525 5.915 1 P 0
L 5.505 5.955 5.545 5.955 1 P 0
L 5.515 3.7545 5.525 3.7545 1 P 0
L 5.515 3.7645 5.525 3.7545 1 P 0
L 5.515 3.7645 5.525 3.7745 1 P 0
L 5.515 3.7745 5.525 3.7745 1 P 0
L 5.515 3.853 5.525 3.853 1 P 0
L 5.515 3.863 5.525 3.853 1 P 0
L 5.515 3.863 5.525 3.873 1 P 0
L 5.515 3.873 5.525 3.873 1 P 0
L 5.515 3.9515 5.525 3.9515 1 P 0
L 5.515 3.9615 5.525 3.9515 1 P 0
L 5.515 3.9615 5.525 3.9715 1 P 0
L 5.515 3.9715 5.525 3.9715 1 P 0
L 5.515 4.05 5.525 4.05 1 P 0
L 5.515 4.06 5.525 4.05 1 P 0
L 5.515 4.06 5.525 4.07 1 P 0
L 5.515 4.07 5.525 4.07 1 P 0
L 5.525 4.38 5.545 4.42 1 P 0
L 5.525 4.48 5.545 4.52 1 P 0
L 5.525 4.58 5.545 4.62 1 P 0
L 5.525 5.06 5.545 5.1 1 P 0
L 5.525 5.16 5.545 5.2 1 P 0
L 5.525 5.26 5.545 5.3 1 P 0
L 5.525 5.715 5.545 5.755 1 P 0
L 5.525 5.815 5.545 5.855 1 P 0
L 5.525 5.915 5.545 5.955 1 P 0
L 5.54 1.81 5.56 1.77 1 P 0
L 5.54 1.81 5.58 1.81 1 P 0
L 5.54 1.91 5.56 1.87 1 P 0
L 5.54 1.91 5.58 1.91 1 P 0
L 5.54 2.01 5.56 1.97 1 P 0
L 5.54 2.01 5.58 2.01 1 P 0
L 5.56 1.77 5.58 1.81 1 P 0
L 5.56 1.87 5.58 1.91 1 P 0
L 5.56 1.97 5.58 2.01 1 P 0
L 5.86375 2.4295 5.87375 2.4295 1 P 0
L 5.86375 2.4295 5.87375 2.4395 1 P 0
L 5.86375 2.4495 5.87375 2.4395 1 P 0
L 5.86375 2.4495 5.87375 2.4495 1 P 0
L 5.86375 2.528 5.87375 2.528 1 P 0
L 5.86375 2.528 5.87375 2.538 1 P 0
L 5.86375 2.548 5.87375 2.538 1 P 0
L 5.86375 2.548 5.87375 2.548 1 P 0
L 5.86375 2.6265 5.87375 2.6265 1 P 0
L 5.86375 2.6265 5.87375 2.6365 1 P 0
L 5.86375 2.6465 5.87375 2.6365 1 P 0
L 5.86375 2.6465 5.87375 2.6465 1 P 0
L 5.86375 2.725 5.87375 2.725 1 P 0
L 5.86375 2.725 5.87375 2.735 1 P 0
L 5.86375 2.745 5.87375 2.735 1 P 0
L 5.86375 2.745 5.87375 2.745 1 P 0
L 5.87375 2.4295 5.88375 2.4195 1 P 0
L 5.87375 2.4495 5.88375 2.4595 1 P 0
L 5.87375 2.528 5.88375 2.518 1 P 0
L 5.87375 2.548 5.88375 2.558 1 P 0
L 5.87375 2.6265 5.88375 2.6165 1 P 0
L 5.87375 2.6465 5.88375 2.6565 1 P 0
L 5.87375 2.725 5.88375 2.715 1 P 0
L 5.87375 2.745 5.88375 2.755 1 P 0
L 5.88375 2.4195 5.89375 2.4295 1 P 0
L 5.88375 2.4595 5.89375 2.4495 1 P 0
L 5.88375 2.518 5.89375 2.528 1 P 0
L 5.88375 2.558 5.89375 2.548 1 P 0
L 5.88375 2.6165 5.89375 2.6265 1 P 0
L 5.88375 2.6565 5.89375 2.6465 1 P 0
L 5.88375 2.715 5.89375 2.725 1 P 0
L 5.88375 2.755 5.89375 2.745 1 P 0
L 5.89 3.1445 5.9 3.1445 1 P 0
L 5.89 3.1445 5.9 3.1545 1 P 0
L 5.89 3.1645 5.9 3.1545 1 P 0
L 5.89 3.1645 5.9 3.1645 1 P 0
L 5.89 3.243 5.9 3.243 1 P 0
L 5.89 3.243 5.9 3.253 1 P 0
L 5.89 3.263 5.9 3.253 1 P 0
L 5.89 3.263 5.9 3.263 1 P 0
L 5.89 3.3415 5.9 3.3415 1 P 0
L 5.89 3.3415 5.9 3.3515 1 P 0
L 5.89 3.3615 5.9 3.3515 1 P 0
L 5.89 3.3615 5.9 3.3615 1 P 0
L 5.89 3.44 5.9 3.44 1 P 0
L 5.89 3.44 5.9 3.45 1 P 0
L 5.89 3.46 5.9 3.45 1 P 0
L 5.89 3.46 5.9 3.46 1 P 0
L 5.89375 2.4295 5.90375 2.4295 1 P 0
L 5.89375 2.4395 5.90375 2.4295 1 P 0
L 5.89375 2.4395 5.90375 2.4495 1 P 0
L 5.89375 2.4495 5.90375 2.4495 1 P 0
L 5.89375 2.528 5.90375 2.528 1 P 0
L 5.89375 2.538 5.90375 2.528 1 P 0
L 5.89375 2.538 5.90375 2.548 1 P 0
L 5.89375 2.548 5.90375 2.548 1 P 0
L 5.89375 2.6265 5.90375 2.6265 1 P 0
L 5.89375 2.6365 5.90375 2.6265 1 P 0
L 5.89375 2.6365 5.90375 2.6465 1 P 0
L 5.89375 2.6465 5.90375 2.6465 1 P 0
L 5.89375 2.725 5.90375 2.725 1 P 0
L 5.89375 2.735 5.90375 2.725 1 P 0
L 5.89375 2.735 5.90375 2.745 1 P 0
L 5.89375 2.745 5.90375 2.745 1 P 0
L 5.895 3.7545 5.905 3.7545 1 P 0
L 5.895 3.7545 5.905 3.7645 1 P 0
L 5.895 3.7745 5.905 3.7645 1 P 0
L 5.895 3.7745 5.905 3.7745 1 P 0
L 5.895 3.853 5.905 3.853 1 P 0
L 5.895 3.853 5.905 3.863 1 P 0
L 5.895 3.873 5.905 3.863 1 P 0
L 5.895 3.873 5.905 3.873 1 P 0
L 5.895 3.9515 5.905 3.9515 1 P 0
L 5.895 3.9515 5.905 3.9615 1 P 0
L 5.895 3.9715 5.905 3.9615 1 P 0
L 5.895 3.9715 5.905 3.9715 1 P 0
L 5.895 4.05 5.905 4.05 1 P 0
L 5.895 4.05 5.905 4.06 1 P 0
L 5.895 4.07 5.905 4.06 1 P 0
L 5.895 4.07 5.905 4.07 1 P 0
L 5.9 3.1445 5.91 3.1345 1 P 0
L 5.9 3.1645 5.91 3.1745 1 P 0
L 5.9 3.243 5.91 3.233 1 P 0
L 5.9 3.263 5.91 3.273 1 P 0
L 5.9 3.3415 5.91 3.3315 1 P 0
L 5.9 3.3615 5.91 3.3715 1 P 0
L 5.9 3.44 5.91 3.43 1 P 0
L 5.9 3.46 5.91 3.47 1 P 0
L 5.90375 4.42 5.92375 4.38 1 P 0
L 5.90375 4.42 5.94375 4.42 1 P 0
L 5.90375 4.52 5.92375 4.48 1 P 0
L 5.90375 4.52 5.94375 4.52 1 P 0
L 5.90375 4.62 5.92375 4.58 1 P 0
L 5.90375 4.62 5.94375 4.62 1 P 0
L 5.90375 5.1 5.92375 5.06 1 P 0
L 5.90375 5.1 5.94375 5.1 1 P 0
L 5.90375 5.2 5.92375 5.16 1 P 0
L 5.90375 5.2 5.94375 5.2 1 P 0
L 5.90375 5.3 5.92375 5.26 1 P 0
L 5.90375 5.3 5.94375 5.3 1 P 0
L 5.90375 5.755 5.92375 5.715 1 P 0
L 5.90375 5.755 5.94375 5.755 1 P 0
L 5.90375 5.855 5.92375 5.815 1 P 0
L 5.90375 5.855 5.94375 5.855 1 P 0
L 5.90375 5.955 5.92375 5.915 1 P 0
L 5.90375 5.955 5.94375 5.955 1 P 0
L 5.905 3.7545 5.915 3.7445 1 P 0
L 5.905 3.7745 5.915 3.7845 1 P 0
L 5.905 3.853 5.915 3.843 1 P 0
L 5.905 3.873 5.915 3.883 1 P 0
L 5.905 3.9515 5.915 3.9415 1 P 0
L 5.905 3.9715 5.915 3.9815 1 P 0
L 5.905 4.05 5.915 4.04 1 P 0
L 5.905 4.07 5.915 4.08 1 P 0
L 5.91 3.1345 5.92 3.1445 1 P 0
L 5.91 3.1745 5.92 3.1645 1 P 0
L 5.91 3.233 5.92 3.243 1 P 0
L 5.91 3.273 5.92 3.263 1 P 0
L 5.91 3.3315 5.92 3.3415 1 P 0
L 5.91 3.3715 5.92 3.3615 1 P 0
L 5.91 3.43 5.92 3.44 1 P 0
L 5.91 3.47 5.92 3.46 1 P 0
L 5.915 3.7445 5.925 3.7545 1 P 0
L 5.915 3.7845 5.925 3.7745 1 P 0
L 5.915 3.843 5.925 3.853 1 P 0
L 5.915 3.883 5.925 3.873 1 P 0
L 5.915 3.9415 5.925 3.9515 1 P 0
L 5.915 3.9815 5.925 3.9715 1 P 0
L 5.915 4.04 5.925 4.05 1 P 0
L 5.915 4.08 5.925 4.07 1 P 0
L 5.92 3.1445 5.93 3.1445 1 P 0
L 5.92 3.1545 5.93 3.1445 1 P 0
L 5.92 3.1545 5.93 3.1645 1 P 0
L 5.92 3.1645 5.93 3.1645 1 P 0
L 5.92 3.243 5.93 3.243 1 P 0
L 5.92 3.253 5.93 3.243 1 P 0
L 5.92 3.253 5.93 3.263 1 P 0
L 5.92 3.263 5.93 3.263 1 P 0
L 5.92 3.3415 5.93 3.3415 1 P 0
L 5.92 3.3515 5.93 3.3415 1 P 0
L 5.92 3.3515 5.93 3.3615 1 P 0
L 5.92 3.3615 5.93 3.3615 1 P 0
L 5.92 3.44 5.93 3.44 1 P 0
L 5.92 3.45 5.93 3.44 1 P 0
L 5.92 3.45 5.93 3.46 1 P 0
L 5.92 3.46 5.93 3.46 1 P 0
L 5.92375 4.38 5.94375 4.42 1 P 0
L 5.92375 4.48 5.94375 4.52 1 P 0
L 5.92375 4.58 5.94375 4.62 1 P 0
L 5.92375 5.06 5.94375 5.1 1 P 0
L 5.92375 5.16 5.94375 5.2 1 P 0
L 5.92375 5.26 5.94375 5.3 1 P 0
L 5.92375 5.715 5.94375 5.755 1 P 0
L 5.92375 5.815 5.94375 5.855 1 P 0
L 5.92375 5.915 5.94375 5.955 1 P 0
L 5.925 3.7545 5.935 3.7545 1 P 0
L 5.925 3.7645 5.935 3.7545 1 P 0
L 5.925 3.7645 5.935 3.7745 1 P 0
L 5.925 3.7745 5.935 3.7745 1 P 0
L 5.925 3.853 5.935 3.853 1 P 0
L 5.925 3.863 5.935 3.853 1 P 0
L 5.925 3.863 5.935 3.873 1 P 0
L 5.925 3.873 5.935 3.873 1 P 0
L 5.925 3.9515 5.935 3.9515 1 P 0
L 5.925 3.9615 5.935 3.9515 1 P 0
L 5.925 3.9615 5.935 3.9715 1 P 0
L 5.925 3.9715 5.935 3.9715 1 P 0
L 5.925 4.05 5.935 4.05 1 P 0
L 5.925 4.06 5.935 4.05 1 P 0
L 5.925 4.06 5.935 4.07 1 P 0
L 5.925 4.07 5.935 4.07 1 P 0
L 6.3025 2.4295 6.3125 2.4295 1 P 0
L 6.3025 2.4295 6.3125 2.4395 1 P 0
L 6.3025 2.4495 6.3125 2.4395 1 P 0
L 6.3025 2.4495 6.3125 2.4495 1 P 0
L 6.3025 2.528 6.3125 2.528 1 P 0
L 6.3025 2.528 6.3125 2.538 1 P 0
L 6.3025 2.548 6.3125 2.538 1 P 0
L 6.3025 2.548 6.3125 2.548 1 P 0
L 6.3025 2.6265 6.3125 2.6265 1 P 0
L 6.3025 2.6265 6.3125 2.6365 1 P 0
L 6.3025 2.6465 6.3125 2.6365 1 P 0
L 6.3025 2.6465 6.3125 2.6465 1 P 0
L 6.3025 2.725 6.3125 2.725 1 P 0
L 6.3025 2.725 6.3125 2.735 1 P 0
L 6.3025 2.745 6.3125 2.735 1 P 0
L 6.3025 2.745 6.3125 2.745 1 P 0
L 6.3025 4.42 6.3225 4.38 1 P 0
L 6.3025 4.42 6.3425 4.42 1 P 0
L 6.3025 4.52 6.3225 4.48 1 P 0
L 6.3025 4.52 6.3425 4.52 1 P 0
L 6.3025 4.62 6.3225 4.58 1 P 0
L 6.3025 4.62 6.3425 4.62 1 P 0
L 6.3025 5.1 6.3225 5.06 1 P 0
L 6.3025 5.1 6.3425 5.1 1 P 0
L 6.3025 5.2 6.3225 5.16 1 P 0
L 6.3025 5.2 6.3425 5.2 1 P 0
L 6.3025 5.3 6.3225 5.26 1 P 0
L 6.3025 5.3 6.3425 5.3 1 P 0
L 6.3025 5.755 6.3225 5.715 1 P 0
L 6.3025 5.755 6.3425 5.755 1 P 0
L 6.3025 5.855 6.3225 5.815 1 P 0
L 6.3025 5.855 6.3425 5.855 1 P 0
L 6.3025 5.955 6.3225 5.915 1 P 0
L 6.3025 5.955 6.3425 5.955 1 P 0
L 6.305 3.7545 6.315 3.7545 1 P 0
L 6.305 3.7545 6.315 3.7645 1 P 0
L 6.305 3.7745 6.315 3.7645 1 P 0
L 6.305 3.7745 6.315 3.7745 1 P 0
L 6.305 3.853 6.315 3.853 1 P 0
L 6.305 3.853 6.315 3.863 1 P 0
L 6.305 3.873 6.315 3.863 1 P 0
L 6.305 3.873 6.315 3.873 1 P 0
L 6.305 3.9515 6.315 3.9515 1 P 0
L 6.305 3.9515 6.315 3.9615 1 P 0
L 6.305 3.9715 6.315 3.9615 1 P 0
L 6.305 3.9715 6.315 3.9715 1 P 0
L 6.305 4.05 6.315 4.05 1 P 0
L 6.305 4.05 6.315 4.06 1 P 0
L 6.305 4.07 6.315 4.06 1 P 0
L 6.305 4.07 6.315 4.07 1 P 0
L 6.3125 2.4295 6.3225 2.4195 1 P 0
L 6.3125 2.4495 6.3225 2.4595 1 P 0
L 6.3125 2.528 6.3225 2.518 1 P 0
L 6.3125 2.548 6.3225 2.558 1 P 0
L 6.3125 2.6265 6.3225 2.6165 1 P 0
L 6.3125 2.6465 6.3225 2.6565 1 P 0
L 6.3125 2.725 6.3225 2.715 1 P 0
L 6.3125 2.745 6.3225 2.755 1 P 0
L 6.315 3.7545 6.325 3.7445 1 P 0
L 6.315 3.7745 6.325 3.7845 1 P 0
L 6.315 3.853 6.325 3.843 1 P 0
L 6.315 3.873 6.325 3.883 1 P 0
L 6.315 3.9515 6.325 3.9415 1 P 0
L 6.315 3.9715 6.325 3.9815 1 P 0
L 6.315 4.05 6.325 4.04 1 P 0
L 6.315 4.07 6.325 4.08 1 P 0
L 6.32 3.1445 6.33 3.1445 1 P 0
L 6.32 3.1445 6.33 3.1545 1 P 0
L 6.32 3.1645 6.33 3.1545 1 P 0
L 6.32 3.1645 6.33 3.1645 1 P 0
L 6.32 3.243 6.33 3.243 1 P 0
L 6.32 3.243 6.33 3.253 1 P 0
L 6.32 3.263 6.33 3.253 1 P 0
L 6.32 3.263 6.33 3.263 1 P 0
L 6.32 3.3415 6.33 3.3415 1 P 0
L 6.32 3.3415 6.33 3.3515 1 P 0
L 6.32 3.3615 6.33 3.3515 1 P 0
L 6.32 3.3615 6.33 3.3615 1 P 0
L 6.32 3.44 6.33 3.44 1 P 0
L 6.32 3.44 6.33 3.45 1 P 0
L 6.32 3.46 6.33 3.45 1 P 0
L 6.32 3.46 6.33 3.46 1 P 0
L 6.3225 2.4195 6.3325 2.4295 1 P 0
L 6.3225 2.4595 6.3325 2.4495 1 P 0
L 6.3225 2.518 6.3325 2.528 1 P 0
L 6.3225 2.558 6.3325 2.548 1 P 0
L 6.3225 2.6165 6.3325 2.6265 1 P 0
L 6.3225 2.6565 6.3325 2.6465 1 P 0
L 6.3225 2.715 6.3325 2.725 1 P 0
L 6.3225 2.755 6.3325 2.745 1 P 0
L 6.3225 4.38 6.3425 4.42 1 P 0
L 6.3225 4.48 6.3425 4.52 1 P 0
L 6.3225 4.58 6.3425 4.62 1 P 0
L 6.3225 5.06 6.3425 5.1 1 P 0
L 6.3225 5.16 6.3425 5.2 1 P 0
L 6.3225 5.26 6.3425 5.3 1 P 0
L 6.3225 5.715 6.3425 5.755 1 P 0
L 6.3225 5.815 6.3425 5.855 1 P 0
L 6.3225 5.915 6.3425 5.955 1 P 0
L 6.325 3.7445 6.335 3.7545 1 P 0
L 6.325 3.7845 6.335 3.7745 1 P 0
L 6.325 3.843 6.335 3.853 1 P 0
L 6.325 3.883 6.335 3.873 1 P 0
L 6.325 3.9415 6.335 3.9515 1 P 0
L 6.325 3.9815 6.335 3.9715 1 P 0
L 6.325 4.04 6.335 4.05 1 P 0
L 6.325 4.08 6.335 4.07 1 P 0
L 6.33 3.1445 6.34 3.1345 1 P 0
L 6.33 3.1645 6.34 3.1745 1 P 0
L 6.33 3.243 6.34 3.233 1 P 0
L 6.33 3.263 6.34 3.273 1 P 0
L 6.33 3.3415 6.34 3.3315 1 P 0
L 6.33 3.3615 6.34 3.3715 1 P 0
L 6.33 3.44 6.34 3.43 1 P 0
L 6.33 3.46 6.34 3.47 1 P 0
L 6.3325 2.4295 6.3425 2.4295 1 P 0
L 6.3325 2.4395 6.3425 2.4295 1 P 0
L 6.3325 2.4395 6.3425 2.4495 1 P 0
L 6.3325 2.4495 6.3425 2.4495 1 P 0
L 6.3325 2.528 6.3425 2.528 1 P 0
L 6.3325 2.538 6.3425 2.528 1 P 0
L 6.3325 2.538 6.3425 2.548 1 P 0
L 6.3325 2.548 6.3425 2.548 1 P 0
L 6.3325 2.6265 6.3425 2.6265 1 P 0
L 6.3325 2.6365 6.3425 2.6265 1 P 0
L 6.3325 2.6365 6.3425 2.6465 1 P 0
L 6.3325 2.6465 6.3425 2.6465 1 P 0
L 6.3325 2.725 6.3425 2.725 1 P 0
L 6.3325 2.735 6.3425 2.725 1 P 0
L 6.3325 2.735 6.3425 2.745 1 P 0
L 6.3325 2.745 6.3425 2.745 1 P 0
L 6.335 3.7545 6.345 3.7545 1 P 0
L 6.335 3.7645 6.345 3.7545 1 P 0
L 6.335 3.7645 6.345 3.7745 1 P 0
L 6.335 3.7745 6.345 3.7745 1 P 0
L 6.335 3.853 6.345 3.853 1 P 0
L 6.335 3.863 6.345 3.853 1 P 0
L 6.335 3.863 6.345 3.873 1 P 0
L 6.335 3.873 6.345 3.873 1 P 0
L 6.335 3.9515 6.345 3.9515 1 P 0
L 6.335 3.9615 6.345 3.9515 1 P 0
L 6.335 3.9615 6.345 3.9715 1 P 0
L 6.335 3.9715 6.345 3.9715 1 P 0
L 6.335 4.05 6.345 4.05 1 P 0
L 6.335 4.06 6.345 4.05 1 P 0
L 6.335 4.06 6.345 4.07 1 P 0
L 6.335 4.07 6.345 4.07 1 P 0
L 6.34 3.1345 6.35 3.1445 1 P 0
L 6.34 3.1745 6.35 3.1645 1 P 0
L 6.34 3.233 6.35 3.243 1 P 0
L 6.34 3.273 6.35 3.263 1 P 0
L 6.34 3.3315 6.35 3.3415 1 P 0
L 6.34 3.3715 6.35 3.3615 1 P 0
L 6.34 3.43 6.35 3.44 1 P 0
L 6.34 3.47 6.35 3.46 1 P 0
L 6.35 3.1445 6.36 3.1445 1 P 0
L 6.35 3.1545 6.36 3.1445 1 P 0
L 6.35 3.1545 6.36 3.1645 1 P 0
L 6.35 3.1645 6.36 3.1645 1 P 0
L 6.35 3.243 6.36 3.243 1 P 0
L 6.35 3.253 6.36 3.243 1 P 0
L 6.35 3.253 6.36 3.263 1 P 0
L 6.35 3.263 6.36 3.263 1 P 0
L 6.35 3.3415 6.36 3.3415 1 P 0
L 6.35 3.3515 6.36 3.3415 1 P 0
L 6.35 3.3515 6.36 3.3615 1 P 0
L 6.35 3.3615 6.36 3.3615 1 P 0
L 6.35 3.44 6.36 3.44 1 P 0
L 6.35 3.45 6.36 3.44 1 P 0
L 6.35 3.45 6.36 3.46 1 P 0
L 6.35 3.46 6.36 3.46 1 P 0
L 6.70125 4.42 6.72125 4.38 1 P 0
L 6.70125 4.42 6.74125 4.42 1 P 0
L 6.70125 4.52 6.72125 4.48 1 P 0
L 6.70125 4.52 6.74125 4.52 1 P 0
L 6.70125 4.62 6.72125 4.58 1 P 0
L 6.70125 4.62 6.74125 4.62 1 P 0
L 6.70125 5.1 6.72125 5.06 1 P 0
L 6.70125 5.1 6.74125 5.1 1 P 0
L 6.70125 5.2 6.72125 5.16 1 P 0
L 6.70125 5.2 6.74125 5.2 1 P 0
L 6.70125 5.3 6.72125 5.26 1 P 0
L 6.70125 5.3 6.74125 5.3 1 P 0
L 6.70125 5.755 6.72125 5.715 1 P 0
L 6.70125 5.755 6.74125 5.755 1 P 0
L 6.70125 5.855 6.72125 5.815 1 P 0
L 6.70125 5.855 6.74125 5.855 1 P 0
L 6.70125 5.955 6.72125 5.915 1 P 0
L 6.70125 5.955 6.74125 5.955 1 P 0
L 6.715 3.7545 6.725 3.7545 1 P 0
L 6.715 3.7545 6.725 3.7645 1 P 0
L 6.715 3.7745 6.725 3.7645 1 P 0
L 6.715 3.7745 6.725 3.7745 1 P 0
L 6.715 3.853 6.725 3.853 1 P 0
L 6.715 3.853 6.725 3.863 1 P 0
L 6.715 3.873 6.725 3.863 1 P 0
L 6.715 3.873 6.725 3.873 1 P 0
L 6.715 3.9515 6.725 3.9515 1 P 0
L 6.715 3.9515 6.725 3.9615 1 P 0
L 6.715 3.9715 6.725 3.9615 1 P 0
L 6.715 3.9715 6.725 3.9715 1 P 0
L 6.715 4.05 6.725 4.05 1 P 0
L 6.715 4.05 6.725 4.06 1 P 0
L 6.715 4.07 6.725 4.06 1 P 0
L 6.715 4.07 6.725 4.07 1 P 0
L 6.72125 4.38 6.74125 4.42 1 P 0
L 6.72125 4.48 6.74125 4.52 1 P 0
L 6.72125 4.58 6.74125 4.62 1 P 0
L 6.72125 5.06 6.74125 5.1 1 P 0
L 6.72125 5.16 6.74125 5.2 1 P 0
L 6.72125 5.26 6.74125 5.3 1 P 0
L 6.72125 5.715 6.74125 5.755 1 P 0
L 6.72125 5.815 6.74125 5.855 1 P 0
L 6.72125 5.915 6.74125 5.955 1 P 0
L 6.725 3.7545 6.735 3.7445 1 P 0
L 6.725 3.7745 6.735 3.7845 1 P 0
L 6.725 3.853 6.735 3.843 1 P 0
L 6.725 3.873 6.735 3.883 1 P 0
L 6.725 3.9515 6.735 3.9415 1 P 0
L 6.725 3.9715 6.735 3.9815 1 P 0
L 6.725 4.05 6.735 4.04 1 P 0
L 6.725 4.07 6.735 4.08 1 P 0
L 6.735 1.785 6.755 1.745 1 P 0
L 6.735 1.785 6.775 1.785 1 P 0
L 6.735 1.885 6.755 1.845 1 P 0
L 6.735 1.885 6.775 1.885 1 P 0
L 6.735 1.985 6.755 1.945 1 P 0
L 6.735 1.985 6.775 1.985 1 P 0
L 6.735 3.7445 6.745 3.7545 1 P 0
L 6.735 3.7845 6.745 3.7745 1 P 0
L 6.735 3.843 6.745 3.853 1 P 0
L 6.735 3.883 6.745 3.873 1 P 0
L 6.735 3.9415 6.745 3.9515 1 P 0
L 6.735 3.9815 6.745 3.9715 1 P 0
L 6.735 4.04 6.745 4.05 1 P 0
L 6.735 4.08 6.745 4.07 1 P 0
L 6.74125 2.4295 6.75125 2.4295 1 P 0
L 6.74125 2.4295 6.75125 2.4395 1 P 0
L 6.74125 2.4495 6.75125 2.4395 1 P 0
L 6.74125 2.4495 6.75125 2.4495 1 P 0
L 6.74125 2.528 6.75125 2.528 1 P 0
L 6.74125 2.528 6.75125 2.538 1 P 0
L 6.74125 2.548 6.75125 2.538 1 P 0
L 6.74125 2.548 6.75125 2.548 1 P 0
L 6.74125 2.6265 6.75125 2.6265 1 P 0
L 6.74125 2.6265 6.75125 2.6365 1 P 0
L 6.74125 2.6465 6.75125 2.6365 1 P 0
L 6.74125 2.6465 6.75125 2.6465 1 P 0
L 6.74125 2.725 6.75125 2.725 1 P 0
L 6.74125 2.725 6.75125 2.735 1 P 0
L 6.74125 2.745 6.75125 2.735 1 P 0
L 6.74125 2.745 6.75125 2.745 1 P 0
L 6.745 3.7545 6.755 3.7545 1 P 0
L 6.745 3.7645 6.755 3.7545 1 P 0
L 6.745 3.7645 6.755 3.7745 1 P 0
L 6.745 3.7745 6.755 3.7745 1 P 0
L 6.745 3.853 6.755 3.853 1 P 0
L 6.745 3.863 6.755 3.853 1 P 0
L 6.745 3.863 6.755 3.873 1 P 0
L 6.745 3.873 6.755 3.873 1 P 0
L 6.745 3.9515 6.755 3.9515 1 P 0
L 6.745 3.9615 6.755 3.9515 1 P 0
L 6.745 3.9615 6.755 3.9715 1 P 0
L 6.745 3.9715 6.755 3.9715 1 P 0
L 6.745 4.05 6.755 4.05 1 P 0
L 6.745 4.06 6.755 4.05 1 P 0
L 6.745 4.06 6.755 4.07 1 P 0
L 6.745 4.07 6.755 4.07 1 P 0
L 6.75 3.1445 6.76 3.1445 1 P 0
L 6.75 3.1445 6.76 3.1545 1 P 0
L 6.75 3.1645 6.76 3.1545 1 P 0
L 6.75 3.1645 6.76 3.1645 1 P 0
L 6.75 3.243 6.76 3.243 1 P 0
L 6.75 3.243 6.76 3.253 1 P 0
L 6.75 3.263 6.76 3.253 1 P 0
L 6.75 3.263 6.76 3.263 1 P 0
L 6.75 3.3415 6.76 3.3415 1 P 0
L 6.75 3.3415 6.76 3.3515 1 P 0
L 6.75 3.3615 6.76 3.3515 1 P 0
L 6.75 3.3615 6.76 3.3615 1 P 0
L 6.75 3.44 6.76 3.44 1 P 0
L 6.75 3.44 6.76 3.45 1 P 0
L 6.75 3.46 6.76 3.45 1 P 0
L 6.75 3.46 6.76 3.46 1 P 0
L 6.75125 2.4295 6.76125 2.4195 1 P 0
L 6.75125 2.4495 6.76125 2.4595 1 P 0
L 6.75125 2.528 6.76125 2.518 1 P 0
L 6.75125 2.548 6.76125 2.558 1 P 0
L 6.75125 2.6265 6.76125 2.6165 1 P 0
L 6.75125 2.6465 6.76125 2.6565 1 P 0
L 6.75125 2.725 6.76125 2.715 1 P 0
L 6.75125 2.745 6.76125 2.755 1 P 0
L 6.755 1.745 6.775 1.785 1 P 0
L 6.755 1.845 6.775 1.885 1 P 0
L 6.755 1.945 6.775 1.985 1 P 0
L 6.76 3.1445 6.77 3.1345 1 P 0
L 6.76 3.1645 6.77 3.1745 1 P 0
L 6.76 3.243 6.77 3.233 1 P 0
L 6.76 3.263 6.77 3.273 1 P 0
L 6.76 3.3415 6.77 3.3315 1 P 0
L 6.76 3.3615 6.77 3.3715 1 P 0
L 6.76 3.44 6.77 3.43 1 P 0
L 6.76 3.46 6.77 3.47 1 P 0
L 6.76125 2.4195 6.77125 2.4295 1 P 0
L 6.76125 2.4595 6.77125 2.4495 1 P 0
L 6.76125 2.518 6.77125 2.528 1 P 0
L 6.76125 2.558 6.77125 2.548 1 P 0
L 6.76125 2.6165 6.77125 2.6265 1 P 0
L 6.76125 2.6565 6.77125 2.6465 1 P 0
L 6.76125 2.715 6.77125 2.725 1 P 0
L 6.76125 2.755 6.77125 2.745 1 P 0
L 6.77 3.1345 6.78 3.1445 1 P 0
L 6.77 3.1745 6.78 3.1645 1 P 0
L 6.77 3.233 6.78 3.243 1 P 0
L 6.77 3.273 6.78 3.263 1 P 0
L 6.77 3.3315 6.78 3.3415 1 P 0
L 6.77 3.3715 6.78 3.3615 1 P 0
L 6.77 3.43 6.78 3.44 1 P 0
L 6.77 3.47 6.78 3.46 1 P 0
L 6.77125 2.4295 6.78125 2.4295 1 P 0
L 6.77125 2.4395 6.78125 2.4295 1 P 0
L 6.77125 2.4395 6.78125 2.4495 1 P 0
L 6.77125 2.4495 6.78125 2.4495 1 P 0
L 6.77125 2.528 6.78125 2.528 1 P 0
L 6.77125 2.538 6.78125 2.528 1 P 0
L 6.77125 2.538 6.78125 2.548 1 P 0
L 6.77125 2.548 6.78125 2.548 1 P 0
L 6.77125 2.6265 6.78125 2.6265 1 P 0
L 6.77125 2.6365 6.78125 2.6265 1 P 0
L 6.77125 2.6365 6.78125 2.6465 1 P 0
L 6.77125 2.6465 6.78125 2.6465 1 P 0
L 6.77125 2.725 6.78125 2.725 1 P 0
L 6.77125 2.735 6.78125 2.725 1 P 0
L 6.77125 2.735 6.78125 2.745 1 P 0
L 6.77125 2.745 6.78125 2.745 1 P 0
L 6.78 3.1445 6.79 3.1445 1 P 0
L 6.78 3.1545 6.79 3.1445 1 P 0
L 6.78 3.1545 6.79 3.1645 1 P 0
L 6.78 3.1645 6.79 3.1645 1 P 0
L 6.78 3.243 6.79 3.243 1 P 0
L 6.78 3.253 6.79 3.243 1 P 0
L 6.78 3.253 6.79 3.263 1 P 0
L 6.78 3.263 6.79 3.263 1 P 0
L 6.78 3.3415 6.79 3.3415 1 P 0
L 6.78 3.3515 6.79 3.3415 1 P 0
L 6.78 3.3515 6.79 3.3615 1 P 0
L 6.78 3.3615 6.79 3.3615 1 P 0
L 6.78 3.44 6.79 3.44 1 P 0
L 6.78 3.45 6.79 3.44 1 P 0
L 6.78 3.45 6.79 3.46 1 P 0
L 6.78 3.46 6.79 3.46 1 P 0
L 7.1 4.42 7.12 4.38 1 P 0
L 7.1 4.42 7.14 4.42 1 P 0
L 7.1 4.52 7.12 4.48 1 P 0
L 7.1 4.52 7.14 4.52 1 P 0
L 7.1 4.62 7.12 4.58 1 P 0
L 7.1 4.62 7.14 4.62 1 P 0
L 7.1 5.1 7.12 5.06 1 P 0
L 7.1 5.1 7.14 5.1 1 P 0
L 7.1 5.2 7.12 5.16 1 P 0
L 7.1 5.2 7.14 5.2 1 P 0
L 7.1 5.3 7.12 5.26 1 P 0
L 7.1 5.3 7.14 5.3 1 P 0
L 7.1 5.755 7.12 5.715 1 P 0
L 7.1 5.755 7.14 5.755 1 P 0
L 7.1 5.855 7.12 5.815 1 P 0
L 7.1 5.855 7.14 5.855 1 P 0
L 7.1 5.955 7.12 5.915 1 P 0
L 7.1 5.955 7.14 5.955 1 P 0
L 7.12 4.38 7.14 4.42 1 P 0
L 7.12 4.48 7.14 4.52 1 P 0
L 7.12 4.58 7.14 4.62 1 P 0
L 7.12 5.06 7.14 5.1 1 P 0
L 7.12 5.16 7.14 5.2 1 P 0
L 7.12 5.26 7.14 5.3 1 P 0
L 7.12 5.715 7.14 5.755 1 P 0
L 7.12 5.815 7.14 5.855 1 P 0
L 7.12 5.915 7.14 5.955 1 P 0
L 7.125 3.7545 7.135 3.7545 1 P 0
L 7.125 3.7545 7.135 3.7645 1 P 0
L 7.125 3.7745 7.135 3.7645 1 P 0
L 7.125 3.7745 7.135 3.7745 1 P 0
L 7.125 3.853 7.135 3.853 1 P 0
L 7.125 3.853 7.135 3.863 1 P 0
L 7.125 3.873 7.135 3.863 1 P 0
L 7.125 3.873 7.135 3.873 1 P 0
L 7.125 3.9515 7.135 3.9515 1 P 0
L 7.125 3.9515 7.135 3.9615 1 P 0
L 7.125 3.9715 7.135 3.9615 1 P 0
L 7.125 3.9715 7.135 3.9715 1 P 0
L 7.125 4.05 7.135 4.05 1 P 0
L 7.125 4.05 7.135 4.06 1 P 0
L 7.125 4.07 7.135 4.06 1 P 0
L 7.125 4.07 7.135 4.07 1 P 0
L 7.135 3.7545 7.145 3.7445 1 P 0
L 7.135 3.7745 7.145 3.7845 1 P 0
L 7.135 3.853 7.145 3.843 1 P 0
L 7.135 3.873 7.145 3.883 1 P 0
L 7.135 3.9515 7.145 3.9415 1 P 0
L 7.135 3.9715 7.145 3.9815 1 P 0
L 7.135 4.05 7.145 4.04 1 P 0
L 7.135 4.07 7.145 4.08 1 P 0
L 7.145 3.7445 7.155 3.7545 1 P 0
L 7.145 3.7845 7.155 3.7745 1 P 0
L 7.145 3.843 7.155 3.853 1 P 0
L 7.145 3.883 7.155 3.873 1 P 0
L 7.145 3.9415 7.155 3.9515 1 P 0
L 7.145 3.9815 7.155 3.9715 1 P 0
L 7.145 4.04 7.155 4.05 1 P 0
L 7.145 4.08 7.155 4.07 1 P 0
L 7.155 3.7545 7.165 3.7545 1 P 0
L 7.155 3.7645 7.165 3.7545 1 P 0
L 7.155 3.7645 7.165 3.7745 1 P 0
L 7.155 3.7745 7.165 3.7745 1 P 0
L 7.155 3.853 7.165 3.853 1 P 0
L 7.155 3.863 7.165 3.853 1 P 0
L 7.155 3.863 7.165 3.873 1 P 0
L 7.155 3.873 7.165 3.873 1 P 0
L 7.155 3.9515 7.165 3.9515 1 P 0
L 7.155 3.9615 7.165 3.9515 1 P 0
L 7.155 3.9615 7.165 3.9715 1 P 0
L 7.155 3.9715 7.165 3.9715 1 P 0
L 7.155 4.05 7.165 4.05 1 P 0
L 7.155 4.06 7.165 4.05 1 P 0
L 7.155 4.06 7.165 4.07 1 P 0
L 7.155 4.07 7.165 4.07 1 P 0
L 7.18 2.4295 7.19 2.4295 1 P 0
L 7.18 2.4295 7.19 2.4395 1 P 0
L 7.18 2.4495 7.19 2.4395 1 P 0
L 7.18 2.4495 7.19 2.4495 1 P 0
L 7.18 2.528 7.19 2.528 1 P 0
L 7.18 2.528 7.19 2.538 1 P 0
L 7.18 2.548 7.19 2.538 1 P 0
L 7.18 2.548 7.19 2.548 1 P 0
L 7.18 2.6265 7.19 2.6265 1 P 0
L 7.18 2.6265 7.19 2.6365 1 P 0
L 7.18 2.6465 7.19 2.6365 1 P 0
L 7.18 2.6465 7.19 2.6465 1 P 0
L 7.18 2.725 7.19 2.725 1 P 0
L 7.18 2.725 7.19 2.735 1 P 0
L 7.18 2.745 7.19 2.735 1 P 0
L 7.18 2.745 7.19 2.745 1 P 0
L 7.18 3.1445 7.19 3.1445 1 P 0
L 7.18 3.1445 7.19 3.1545 1 P 0
L 7.18 3.1645 7.19 3.1545 1 P 0
L 7.18 3.1645 7.19 3.1645 1 P 0
L 7.18 3.243 7.19 3.243 1 P 0
L 7.18 3.243 7.19 3.253 1 P 0
L 7.18 3.263 7.19 3.253 1 P 0
L 7.18 3.263 7.19 3.263 1 P 0
L 7.18 3.3415 7.19 3.3415 1 P 0
L 7.18 3.3415 7.19 3.3515 1 P 0
L 7.18 3.3615 7.19 3.3515 1 P 0
L 7.18 3.3615 7.19 3.3615 1 P 0
L 7.18 3.44 7.19 3.44 1 P 0
L 7.18 3.44 7.19 3.45 1 P 0
L 7.18 3.46 7.19 3.45 1 P 0
L 7.18 3.46 7.19 3.46 1 P 0
L 7.19 2.4295 7.2 2.4195 1 P 0
L 7.19 2.4495 7.2 2.4595 1 P 0
L 7.19 2.528 7.2 2.518 1 P 0
L 7.19 2.548 7.2 2.558 1 P 0
L 7.19 2.6265 7.2 2.6165 1 P 0
L 7.19 2.6465 7.2 2.6565 1 P 0
L 7.19 2.725 7.2 2.715 1 P 0
L 7.19 2.745 7.2 2.755 1 P 0
L 7.19 3.1445 7.2 3.1345 1 P 0
L 7.19 3.1645 7.2 3.1745 1 P 0
L 7.19 3.243 7.2 3.233 1 P 0
L 7.19 3.263 7.2 3.273 1 P 0
L 7.19 3.3415 7.2 3.3315 1 P 0
L 7.19 3.3615 7.2 3.3715 1 P 0
L 7.19 3.44 7.2 3.43 1 P 0
L 7.19 3.46 7.2 3.47 1 P 0
L 7.2 2.4195 7.21 2.4295 1 P 0
L 7.2 2.4595 7.21 2.4495 1 P 0
L 7.2 2.518 7.21 2.528 1 P 0
L 7.2 2.558 7.21 2.548 1 P 0
L 7.2 2.6165 7.21 2.6265 1 P 0
L 7.2 2.6565 7.21 2.6465 1 P 0
L 7.2 2.715 7.21 2.725 1 P 0
L 7.2 2.755 7.21 2.745 1 P 0
L 7.2 3.1345 7.21 3.1445 1 P 0
L 7.2 3.1745 7.21 3.1645 1 P 0
L 7.2 3.233 7.21 3.243 1 P 0
L 7.2 3.273 7.21 3.263 1 P 0
L 7.2 3.3315 7.21 3.3415 1 P 0
L 7.2 3.3715 7.21 3.3615 1 P 0
L 7.2 3.43 7.21 3.44 1 P 0
L 7.2 3.47 7.21 3.46 1 P 0
L 7.21 2.4295 7.22 2.4295 1 P 0
L 7.21 2.4395 7.22 2.4295 1 P 0
L 7.21 2.4395 7.22 2.4495 1 P 0
L 7.21 2.4495 7.22 2.4495 1 P 0
L 7.21 2.528 7.22 2.528 1 P 0
L 7.21 2.538 7.22 2.528 1 P 0
L 7.21 2.538 7.22 2.548 1 P 0
L 7.21 2.548 7.22 2.548 1 P 0
L 7.21 2.6265 7.22 2.6265 1 P 0
L 7.21 2.6365 7.22 2.6265 1 P 0
L 7.21 2.6365 7.22 2.6465 1 P 0
L 7.21 2.6465 7.22 2.6465 1 P 0
L 7.21 2.725 7.22 2.725 1 P 0
L 7.21 2.735 7.22 2.725 1 P 0
L 7.21 2.735 7.22 2.745 1 P 0
L 7.21 2.745 7.22 2.745 1 P 0
L 7.21 3.1445 7.22 3.1445 1 P 0
L 7.21 3.1545 7.22 3.1445 1 P 0
L 7.21 3.1545 7.22 3.1645 1 P 0
L 7.21 3.1645 7.22 3.1645 1 P 0
L 7.21 3.243 7.22 3.243 1 P 0
L 7.21 3.253 7.22 3.243 1 P 0
L 7.21 3.253 7.22 3.263 1 P 0
L 7.21 3.263 7.22 3.263 1 P 0
L 7.21 3.3415 7.22 3.3415 1 P 0
L 7.21 3.3515 7.22 3.3415 1 P 0
L 7.21 3.3515 7.22 3.3615 1 P 0
L 7.21 3.3615 7.22 3.3615 1 P 0
L 7.21 3.44 7.22 3.44 1 P 0
L 7.21 3.45 7.22 3.44 1 P 0
L 7.21 3.45 7.22 3.46 1 P 0
L 7.21 3.46 7.22 3.46 1 P 0
